2.533815568313002586e-04,4.618209321051836014e-03,9.915272593498229980e-01,3.601090982556343079e-03
4.605162739753723145e-01,1.007694825530052185e-01,3.543224558234214783e-02,4.032820463180541992e-01
2.915437519550323486e-02,7.584943086840212345e-04,7.815657299943268299e-04,9.693055748939514160e-01
7.790411263704299927e-02,7.833185195922851562e-01,1.381400376558303833e-01,6.373774958774447441e-04
1.035140958265401423e-04,6.648398702964186668e-04,1.300168633460998535e-01,8.692148327827453613e-01
1.512297093868255615e-01,2.159637957811355591e-01,5.074491500854492188e-01,1.253573596477508545e-01
3.843477964401245117e-01,7.066982239484786987e-02,8.707574306754395366e-05,5.448952317237854004e-01
8.098583817481994629e-01,3.765000775456428528e-02,1.709151314571499825e-03,1.507823914289474487e-01
6.955582648515701294e-02,7.417830824851989746e-01,1.879471242427825928e-01,7.140858797356486320e-04
9.258351929020136595e-05,2.367736538872122765e-03,9.963586926460266113e-01,1.180985360406339169e-03
2.820681631565093994e-01,7.017118930816650391e-01,2.656670112628489733e-04,1.595424115657806396e-02
2.302959859371185303e-01,7.436967492103576660e-01,2.268571965396404266e-02,3.321541473269462585e-03
7.840788020985201001e-05,1.880452618934214115e-03,9.971131086349487305e-01,9.279612568207085133e-04
7.208345085382461548e-02,1.861245334148406982e-01,6.594333648681640625e-01,8.235872536897659302e-02
2.392875729128718376e-03,4.143013432621955872e-02,9.484969973564147949e-01,7.679923903197050095e-03
6.342721753753721714e-04,7.828657515347003937e-03,9.912040233612060547e-01,3.331024199724197388e-04
2.318412065505981445e-03,2.779520861804485321e-02,9.569504857063293457e-01,1.293591875582933426e-02
4.757392704486846924e-01,4.909810721874237061e-01,2.171260275645181537e-04,3.306259959936141968e-02
7.792978976794984192e-06,1.164757632068358362e-04,6.458031386137008667e-02,9.352953433990478516e-01
9.664120078086853027e-01,1.713973470032215118e-03,1.371240796288475394e-04,3.173691034317016602e-02
2.233113162219524384e-02,2.017544358968734741e-01,7.752979993820190430e-01,6.165236118249595165e-04
9.866394400596618652e-01,5.073054926469922066e-04,1.784331288945395499e-05,1.283532008528709412e-02
3.680397290736436844e-03,3.338615968823432922e-02,9.486598372459411621e-01,1.427362766116857529e-02
3.040443174540996552e-03,2.630132809281349182e-02,9.460756778717041016e-01,2.458256110548973083e-02
3.737623410415835679e-05,9.593913564458489418e-04,9.904062151908874512e-01,8.596960455179214478e-03
2.120393561199307442e-03,9.879472851753234863e-01,9.838595055043697357e-03,9.369650069857016206e-05
3.464573062956333160e-03,3.024870529770851135e-02,9.413726925849914551e-01,2.491402626037597656e-02
1.471851300448179245e-02,1.667672991752624512e-01,8.179732561111450195e-01,5.408599972724914551e-04
1.140283513814210892e-02,8.626488447189331055e-01,1.258943974971771240e-01,5.393315950641408563e-05
5.759760737419128418e-01,2.719979546964168549e-02,4.378858022391796112e-03,3.924452662467956543e-01
5.389322638511657715e-01,4.123011231422424316e-02,6.893564015626907349e-03,4.129440486431121826e-01
5.151792764663696289e-01,5.568401515483856201e-02,1.054249983280897141e-02,4.185942113399505615e-01
1.066837273538112640e-02,2.532424330711364746e-01,7.348664402961730957e-01,1.222702325321733952e-03
1.608569547533988953e-02,1.919721835292875767e-03,1.141165965236723423e-03,9.808534383773803711e-01
1.190200448036193848e-03,6.299655884504318237e-03,4.152993261814117432e-01,5.772108435630798340e-01
6.059259548783302307e-02,1.967281103134155273e-01,6.779079437255859375e-01,6.477132439613342285e-02
3.987400268670171499e-04,7.740979548543691635e-03,9.906918406486511230e-01,1.168424380011856556e-03
1.204936672002077103e-02,4.179541766643524170e-02,9.120659232139587402e-01,3.408936038613319397e-02
9.951593279838562012e-01,5.109696212457492948e-05,8.116421668091788888e-07,4.788723774254322052e-03
1.670695692300796509e-01,7.069833874702453613e-01,9.296423196792602539e-02,3.298282995820045471e-02
7.052618861198425293e-01,2.102116197347640991e-01,8.193883299827575684e-02,2.587641356512904167e-03
5.046311393380165100e-02,6.278307642787694931e-03,3.995558246970176697e-03,9.392630457878112793e-01
5.158118009567260742e-01,2.462948113679885864e-01,9.196154773235321045e-02,1.459318101406097412e-01
3.020434873178601265e-03,3.003897517919540405e-02,9.562621712684631348e-01,1.067839469760656357e-02
1.469073258340358734e-02,4.404064640402793884e-02,7.546101808547973633e-01,1.866584718227386475e-01
2.607336342334747314e-01,2.170302420854568481e-01,2.627760767936706543e-01,2.594600617885589600e-01
4.146048426628112793e-01,3.777336478233337402e-01,1.937837302684783936e-01,1.387777458876371384e-02
3.450211603194475174e-03,6.033115088939666748e-03,8.021229505538940430e-01,1.883938014507293701e-01
9.278088109567761421e-04,2.207108540460467339e-03,9.461578726768493652e-01,5.070723593235015869e-02
7.779369503259658813e-02,2.398097962141036987e-01,4.587399065494537354e-01,2.236566096544265747e-01
1.208996959030628204e-02,2.225028350949287415e-02,3.228438794612884521e-01,6.428158283233642578e-01
3.105425462126731873e-02,6.989662051200866699e-01,2.602711617946624756e-01,9.708303026854991913e-03
1.911746151745319366e-02,9.791073799133300781e-01,9.642825461924076080e-04,8.108275942504405975e-04
2.955441176891326904e-01,6.331360340118408203e-01,2.993410080671310425e-02,4.138576239347457886e-02
1.101586688309907913e-02,9.881960153579711914e-01,7.009319378994405270e-04,8.721538324607536197e-05
3.379217982292175293e-01,4.518991708755493164e-01,1.773423552513122559e-01,3.283665329217910767e-02
2.593558980152010918e-03,3.802946582436561584e-02,9.562186598777770996e-01,3.158380277454853058e-03
7.569128501927480102e-05,9.997218251228332520e-01,2.024449058808386326e-04,2.152824762902127986e-08
2.907015979290008545e-01,6.283580064773559570e-01,2.000084932660683990e-04,8.074041455984115601e-02
9.205400943756103516e-02,8.969570398330688477e-01,8.586824871599674225e-03,2.402095356956124306e-03
9.315432608127593994e-02,8.766910433769226074e-01,2.831241545209195465e-05,3.012627176940441132e-02
1.166782528162002563e-02,9.868693947792053223e-01,1.234344555996358395e-03,2.284526417497545481e-04
4.989081621170043945e-02,8.504251949489116669e-03,2.083454513922333717e-03,9.395214915275573730e-01
5.654302076436579227e-04,9.990140199661254883e-01,4.198967944830656052e-04,6.083800485612300690e-07
2.012481987476348877e-01,7.388724684715270996e-01,4.177765920758247375e-03,5.570163205265998840e-02
8.236405439674854279e-03,9.893863201141357422e-01,2.337473677471280098e-03,3.973786078859120607e-05
3.293569684028625488e-01,1.212265118956565857e-01,8.135621249675750732e-02,4.680602848529815674e-01
2.457933500409126282e-03,9.963674545288085938e-01,1.147432718425989151e-03,2.720004704315215349e-05
9.398582577705383301e-01,1.781652495265007019e-02,2.806162810884416103e-04,4.204455763101577759e-02
2.099354518577456474e-03,9.976109266281127930e-01,1.368072698824107647e-04,1.529479632154107094e-04
5.352479591965675354e-02,8.498935103416442871e-01,9.575794637203216553e-02,8.236675639636814594e-04
8.547222018241882324e-01,2.094819582998752594e-02,2.093101938953623176e-04,1.241202577948570251e-01
9.867798089981079102e-01,1.895932829938828945e-03,2.295804442837834358e-04,1.109469495713710785e-02
3.650661706924438477e-01,5.216751694679260254e-01,1.071428582072257996e-01,6.115806754678487778e-03
2.756432294845581055e-01,4.901814162731170654e-01,2.207743525505065918e-01,1.340101845562458038e-02
5.243591070175170898e-01,1.259340941905975342e-01,8.420714177191257477e-03,3.412860929965972900e-01
8.041733875870704651e-03,4.429366439580917358e-02,9.148127436637878418e-01,3.285183757543563843e-02
9.585826098918914795e-02,4.065379798412322998e-01,4.936493337154388428e-01,3.954395186156034470e-03
9.872380495071411133e-01,3.133494465146213770e-04,3.340252442285418510e-05,1.241513807326555252e-02
4.525768756866455078e-01,4.855844974517822266e-01,5.229893326759338379e-02,9.539753198623657227e-03
4.965291544795036316e-02,6.526989340782165527e-01,2.928856611251831055e-01,4.762435797601938248e-03
2.061339728243183345e-06,1.727081144053954631e-05,7.004482205957174301e-03,9.929761886596679688e-01
1.294460729695856571e-03,9.977256655693054199e-01,9.277705685235559940e-04,5.209112350712530315e-05
2.599009498953819275e-02,7.930640131235122681e-02,7.874622941017150879e-01,1.072412505745887756e-01
4.760299921035766602e-01,4.552499055862426758e-01,5.991937965154647827e-02,8.800741285085678101e-03
5.497588962316513062e-02,1.441670805215835571e-01,7.756228446960449219e-01,2.523417025804519653e-02
3.391153877601027489e-03,9.933232665061950684e-01,2.776195062324404716e-03,5.093645886518061161e-04
2.026390135288238525e-01,7.787339687347412109e-01,1.489251945167779922e-02,3.734510857611894608e-03
2.493858151137828827e-02,8.537451624870300293e-01,1.202557384967803955e-01,1.060494920238852501e-03
1.952023804187774658e-01,7.292371988296508789e-01,6.389217823743820190e-02,1.166824530810117722e-02
4.201916232705116272e-02,1.999759525060653687e-01,7.526744604110717773e-01,5.330421496182680130e-03
1.396342180669307709e-02,1.504693925380706787e-01,7.310435771942138672e-01,1.045235842466354370e-01
9.940315783023834229e-02,5.083750486373901367e-01,3.920798003673553467e-01,1.420112675987184048e-04
2.838447317481040955e-02,1.125247851014137268e-01,2.060447441181167960e-04,8.588846921920776367e-01
3.363739233464002609e-03,1.844748295843601227e-02,9.723839759826660156e-01,5.804874468594789505e-03
3.377646180524607189e-06,9.999942779541015625e-01,2.331439418412628584e-06,2.405501908775420361e-10
1.938714534044265747e-01,2.463120073080062866e-01,5.143925547599792480e-01,4.542391002178192139e-02
9.109455347061157227e-01,1.015975419431924820e-02,1.500998769188299775e-04,7.874462008476257324e-02
3.243819577619433403e-03,8.968354463577270508e-01,9.909283369779586792e-02,8.279233588837087154e-04
4.056269526481628418e-01,5.673287063837051392e-02,2.541773766279220581e-02,5.122224092483520508e-01
8.544194861315190792e-05,1.890338375233113766e-03,9.829620718955993652e-01,1.506215520203113556e-02
1.213430892676115036e-03,1.868918165564537048e-02,3.395865857601165771e-01,6.405107378959655762e-01
4.337743157520890236e-04,9.358839597553014755e-04,9.754396080970764160e-01,2.319078706204891205e-02
3.266713023185729980e-02,9.312849640846252441e-01,3.287759795784950256e-02,3.170299343764781952e-03
3.967146575450897217e-01,4.408752918243408203e-01,8.253701776266098022e-02,7.987301796674728394e-02
3.030505729839205742e-03,2.066539600491523743e-04,1.238818076672032475e-04,9.966390132904052734e-01
1.659833593294024467e-03,9.961524605751037598e-01,2.184757264330983162e-03,2.927494278992526233e-06
1.147480960935354233e-02,8.845669031143188477e-01,1.037314906716346741e-01,2.267955424031242728e-04
1.687265932559967041e-03,9.913620352745056152e-01,6.900694221258163452e-03,4.998495569452643394e-05
7.882267236709594727e-03,9.752730131149291992e-01,1.409257855266332626e-02,2.752098487690091133e-03
2.594480216503143311e-01,6.843455433845520020e-01,3.534308075904846191e-02,2.086331881582736969e-02
2.621173858642578125e-03,9.902448654174804688e-01,6.957833189517259598e-03,1.761358726071193814e-04
5.885512754321098328e-02,2.275398522615432739e-01,4.647471606731414795e-01,2.488578557968139648e-01
8.599358201026916504e-01,3.111518220975995064e-03,1.417747535015223548e-05,1.369384676218032837e-01
3.660404086112976074e-01,5.211157798767089844e-01,3.790368139743804932e-02,7.494015246629714966e-02
9.918157011270523071e-03,2.276509813964366913e-02,3.860799372196197510e-01,5.812368392944335938e-01
9.531258344650268555e-01,1.879802788607776165e-03,4.345434354036115110e-05,4.495103284716606140e-02
2.348892092704772949e-01,7.554127573966979980e-01,5.699531175196170807e-03,3.998519387096166611e-03
2.087133079767227173e-01,4.875094890594482422e-01,2.064332515001296997e-01,9.734395146369934082e-02
2.032141685485839844e-01,4.340641200542449951e-01,2.184570729732513428e-01,1.442645937204360962e-01
6.756369769573211670e-02,8.033922314643859863e-01,1.284105479717254639e-01,6.335321813821792603e-04
2.069235891103744507e-01,1.859382688999176025e-01,3.048601746559143066e-01,3.022780120372772217e-01
5.300715565681457520e-02,4.652252495288848877e-01,4.815454781055450439e-01,2.221470349468290806e-04
9.808699488639831543e-01,8.615576662123203278e-04,6.429251243389444426e-06,1.826203800737857819e-02
1.152510419487953186e-01,7.103381752967834473e-01,1.702961176633834839e-01,4.114628303796052933e-03
6.126461550593376160e-02,4.317674785852432251e-03,7.230827468447387218e-04,9.336946606636047363e-01
4.284798726439476013e-02,1.676182746887207031e-01,6.327679157257080078e-01,1.567658483982086182e-01
1.025359495542943478e-03,2.295572869479656219e-02,9.744864106178283691e-01,1.532489433884620667e-03
2.766336081549525261e-03,9.942901134490966797e-01,2.784249139949679375e-03,1.593578199390321970e-04
1.970805600285530090e-02,2.247729897499084473e-01,3.385976552963256836e-01,4.169212281703948975e-01
1.355665028095245361e-01,5.395599007606506348e-01,3.237333595752716064e-01,1.140262465924024582e-03
9.157996773719787598e-01,2.012946270406246185e-02,2.243741182610392570e-03,6.182719394564628601e-02
2.002300243475474417e-05,9.882199764251708984e-01,1.175996568053960800e-02,3.118241220789741419e-10
7.314981427043676376e-03,9.861353635787963867e-01,6.040617823600769043e-03,5.090684862807393074e-04
1.221073791384696960e-02,8.344842121005058289e-03,2.779757976531982422e-02,9.516468644142150879e-01
1.432245820760726929e-01,8.435292840003967285e-01,2.177463145926594734e-03,1.106865890324115753e-02
1.045145001262426376e-02,4.238314628601074219e-01,2.369522303342819214e-01,3.287647962570190430e-01
2.552103996276855469e-01,1.704840362071990967e-01,9.772214293479919434e-02,4.765834212303161621e-01
7.312624901533126831e-02,3.757101669907569885e-02,3.438487648963928223e-02,8.549177646636962891e-01
3.160130605101585388e-02,2.092681229114532471e-01,7.261399626731872559e-01,3.299053758382797241e-02
4.037115573883056641e-01,4.861004352569580078e-01,6.026767939329147339e-02,4.992036893963813782e-02
6.519694626331329346e-02,6.256422996520996094e-01,3.086331188678741455e-01,5.276941228657960892e-04
1.107141971588134766e-01,6.960524320602416992e-01,1.865761429071426392e-01,6.657248362898826599e-03
5.698724091053009033e-02,8.305169343948364258e-01,1.115757301449775696e-01,9.200328495353460312e-04
7.150045782327651978e-02,7.686395049095153809e-01,1.428774148225784302e-01,1.698264107108116150e-02
9.666110277175903320e-01,1.581551972776651382e-03,8.059424726525321603e-05,3.172691538929939270e-02
5.369710922241210938e-01,4.202584922313690186e-01,6.018242798745632172e-03,3.675214573740959167e-02
1.779474131762981415e-02,3.045960515737533569e-02,4.166178405284881592e-01,5.351277589797973633e-01
1.307270140387117863e-03,1.781485602259635925e-02,9.804458022117614746e-01,4.320783773437142372e-04
4.795138835906982422e-01,9.471786767244338989e-02,1.810534670948982239e-02,4.076628684997558594e-01
3.052342534065246582e-01,4.590412676334381104e-01,2.125845104455947876e-01,2.314002625644207001e-02
1.019285842776298523e-01,7.135573029518127441e-01,1.607059836387634277e-01,2.380822040140628815e-02
7.952969463076442480e-05,1.419966295361518860e-02,9.857192635536193848e-01,1.489138185206684284e-06
5.108027905225753784e-02,5.464035645127296448e-02,6.200323700904846191e-01,2.742470204830169678e-01
9.586803913116455078e-01,9.396918467245995998e-04,5.423071706900373101e-05,4.032562673091888428e-02
2.325927913188934326e-01,7.241491675376892090e-01,4.227039590477943420e-02,9.876469848677515984e-04
5.368285253643989563e-02,3.635791838169097900e-01,5.807417035102844238e-01,1.996312756091356277e-03
5.182496309280395508e-01,4.648290574550628662e-02,1.013052463531494141e-02,4.251369535923004150e-01
9.943823814392089844e-01,8.291692938655614853e-04,1.133208716055378318e-04,4.675137344747781754e-03
1.269746851176023483e-02,7.927155494689941406e-02,8.468023538589477539e-01,6.122858077287673950e-02
9.597240388393402100e-02,8.079620450735092163e-02,2.666056752204895020e-01,5.566257834434509277e-01
1.866160035133361816e-01,1.849734485149383545e-01,4.004262089729309082e-01,2.279843389987945557e-01
2.050472646951675415e-01,4.691487252712249756e-01,3.056223094463348389e-01,2.018165029585361481e-02
4.748219907924067229e-06,9.567243978381156921e-05,1.034667640924453735e-01,8.964328765869140625e-01
1.644908770686015487e-04,9.998012185096740723e-01,3.228793138987384737e-05,2.009515128520433791e-06
3.932060599327087402e-01,1.446352899074554443e-01,8.248644322156906128e-02,3.796722590923309326e-01
2.607707381248474121e-01,2.171166241168975830e-01,2.627029716968536377e-01,2.594096660614013672e-01
9.735698252916336060e-02,1.173853799700737000e-01,4.366706907749176025e-01,3.485869467258453369e-01
6.317182183265686035e-01,4.569431021809577942e-02,4.145699087530374527e-03,3.184417784214019775e-01
9.456242696614935994e-05,1.113721635192632675e-02,9.885421991348266602e-01,2.260621113236993551e-04
9.887971282005310059e-01,1.092540565878152847e-03,9.001656144391745329e-05,1.002023462206125259e-02
1.356671964458655566e-05,9.522077743895351887e-04,9.988892674446105957e-01,1.449945848435163498e-04
2.079299986362457275e-01,4.288045763969421387e-01,3.557540774345397949e-01,7.511291652917861938e-03
5.997958779335021973e-01,9.499204158782958984e-02,1.754316873848438263e-02,2.876689434051513672e-01
7.279587537050247192e-02,5.409418344497680664e-01,3.861004114151000977e-01,1.619253453100100160e-04
1.085219904780387878e-01,1.817190498113632202e-01,6.107835769653320312e-01,9.897541999816894531e-02
2.279980853199958801e-02,1.085345670580863953e-01,8.668366670608520508e-01,1.828934298828244209e-03
2.429336681962013245e-02,1.163346394896507263e-01,8.567775487899780273e-01,2.594409277662634850e-03
2.162335664033889771e-01,4.421897828578948975e-01,3.168113231658935547e-01,2.476534992456436157e-02
1.338607370853424072e-01,7.730922102928161621e-01,6.712446361780166626e-02,2.592259086668491364e-02
7.361588999629020691e-03,9.796743988990783691e-01,1.270981412380933762e-02,2.542453876230865717e-04
2.883478701114654541e-01,3.389971554279327393e-01,2.815751731395721436e-01,9.107974916696548462e-02
6.642951071262359619e-02,8.360962271690368652e-01,9.743786603212356567e-02,3.642454976215958595e-05
3.021353855729103088e-02,1.499029844999313354e-01,8.186526894569396973e-01,1.230868976563215256e-03
2.196098715066909790e-01,1.808018833398818970e-01,2.783121168613433838e-01,3.212761580944061279e-01
9.417793154716491699e-01,6.898235296830534935e-04,2.225537537015043199e-05,5.750863999128341675e-02
8.945384621620178223e-02,6.167840361595153809e-01,2.927878797054290771e-01,9.742122492752969265e-04
1.377983391284942627e-02,1.221225336194038391e-01,8.502299785614013672e-01,1.386759523302316666e-02
7.521718740463256836e-02,8.155229687690734863e-01,1.060729622840881348e-01,3.186897840350866318e-03
1.415027054463280365e-05,3.358553862199187279e-03,9.966272115707397461e-01,1.511748308757887571e-07
2.802192270755767822e-01,2.142130136489868164e-01,2.466391175985336304e-01,2.589286863803863525e-01
1.373029044771101326e-05,1.113342773169279099e-02,9.888526201248168945e-01,2.880791782899905229e-07
9.968839287757873535e-01,5.040380638092756271e-04,1.813928793126251549e-05,2.593872835859656334e-03
2.180896401405334473e-01,4.758026301860809326e-01,4.202442616224288940e-02,2.640832662582397461e-01
9.514521360397338867e-01,5.142164416611194611e-03,8.217013964895159006e-05,4.332355037331581116e-02
9.731283783912658691e-02,7.277313470840454102e-01,5.494251308846287429e-05,1.749009042978286743e-01
9.719825387001037598e-01,8.705580839887261391e-04,2.841424065991304815e-05,2.711847610771656036e-02
1.327734440565109253e-01,7.998863458633422852e-01,2.267308533191680908e-02,4.466709122061729431e-02
2.988135442137718201e-02,9.482793211936950684e-01,1.760960556566715240e-02,4.229669924825429916e-03
4.853313416242599487e-02,9.114706516265869141e-01,2.426732890307903290e-02,1.572888158261775970e-02
1.314040571451187134e-01,7.653103470802307129e-01,6.595638394355773926e-02,3.732918947935104370e-02
8.808972239494323730e-01,6.471653003245592117e-03,7.711134821875020862e-05,1.125540137290954590e-01
2.837732732295989990e-01,7.808639109134674072e-02,6.338314414024353027e-01,4.308793693780899048e-03
9.590244293212890625e-02,8.524990677833557129e-01,2.476092986762523651e-02,2.683759666979312897e-02
7.332527078688144684e-03,1.869891583919525146e-01,8.055226206779479980e-01,1.556401984998956323e-04
6.977538019418716431e-02,9.031444787979125977e-01,8.723570033907890320e-03,1.835655793547630310e-02
8.093804121017456055e-02,8.483034372329711914e-01,3.880635648965835571e-02,3.195221349596977234e-02
2.380278194323182106e-03,2.212997758761048317e-03,1.904306933283805847e-02,9.763636589050292969e-01
8.968974351882934570e-01,3.863045573234558105e-02,1.553285517729818821e-03,6.291875988245010376e-02
4.493066668510437012e-02,2.976987063884735107e-01,6.554694771766662598e-01,1.901172916404902935e-03
2.284560501575469971e-01,4.619556367397308350e-01,1.579143106937408447e-02,2.937969267368316650e-01
7.221312522888183594e-01,7.656537741422653198e-02,1.734974533319473267e-01,2.780596539378166199e-02
1.037252172827720642e-01,8.240104913711547852e-01,3.007609955966472626e-02,4.218819737434387207e-02
6.480297446250915527e-01,7.801452279090881348e-02,1.690920293331146240e-01,1.048637256026268005e-01
4.007529094815254211e-02,6.244177818298339844e-01,3.307821750640869141e-01,4.724720492959022522e-03
2.356146275997161865e-01,6.933290958404541016e-01,1.168753299862146378e-02,5.936871096491813660e-02
4.921957254409790039e-01,1.925284974277019501e-02,1.316822832450270653e-03,4.872345328330993652e-01
1.002626866102218628e-01,7.996917366981506348e-01,8.891719579696655273e-02,1.112839952111244202e-02
8.004868775606155396e-02,7.939665913581848145e-01,1.032383590936660767e-01,2.274630777537822723e-02
3.777750208973884583e-02,8.086524009704589844e-01,1.514811515808105469e-01,2.088987501338124275e-03
1.823558658361434937e-02,8.035379052162170410e-01,1.780339181423187256e-01,1.925459364429116249e-04
1.587767004966735840e-01,6.966915726661682129e-01,7.252686470746994019e-02,7.200483977794647217e-02
6.519675999879837036e-02,7.910424470901489258e-01,7.968462258577346802e-02,6.407624483108520508e-02
2.017158418893814087e-01,7.413497567176818848e-01,2.271053008735179901e-02,3.422397002577781677e-02
3.030041698366403580e-04,1.640434190630912781e-02,9.829810857772827148e-01,3.115962899755686522e-04
3.361310344189405441e-03,6.963482499122619629e-01,3.002530038356781006e-01,3.747578011825680733e-05
4.054181277751922607e-03,1.688009947538375854e-01,8.239551186561584473e-01,3.189767012372612953e-03
8.221283555030822754e-02,6.197345908731222153e-03,1.731172786094248295e-03,9.098586440086364746e-01
3.635693192481994629e-01,2.119682431221008301e-01,8.137006312608718872e-02,3.430923223495483398e-01
3.375278040766716003e-02,5.759176611900329590e-01,3.821634948253631592e-01,8.166102692484855652e-03
4.932321608066558838e-03,6.898926571011543274e-03,7.929102778434753418e-01,1.952584236860275269e-01
1.329724118113517761e-02,9.455311298370361328e-02,8.770269155502319336e-01,1.512274146080017090e-02
6.947032213211059570e-01,1.750838756561279297e-01,1.703004352748394012e-03,1.285098940134048462e-01
8.309158682823181152e-02,5.743727087974548340e-01,3.333827853202819824e-01,9.152960032224655151e-03
4.868033528327941895e-02,9.269747734069824219e-01,2.307129278779029846e-02,1.273671048693358898e-03
9.831248968839645386e-02,4.403497278690338135e-01,4.468212723731994629e-01,1.451651379466056824e-02
9.703848361968994141e-01,4.898244049400091171e-03,2.783040981739759445e-04,2.443859726190567017e-02
1.750414222478866577e-01,5.589906573295593262e-01,2.309953421354293823e-01,3.497256711125373840e-02
5.736157298088073730e-01,1.817163079977035522e-02,1.204884974868036807e-04,4.080921411514282227e-01
9.549828171730041504e-01,6.598102860152721405e-03,8.096612873487174511e-05,3.833821415901184082e-02
3.256698255427181721e-04,2.277663210406899452e-03,2.572082281112670898e-01,7.401884198188781738e-01
1.419734954833984375e-01,7.724332213401794434e-01,8.290120959281921387e-02,2.692111302167177200e-03
1.905836015939712524e-01,6.460514068603515625e-01,1.455630958080291748e-01,1.780185103416442871e-02
3.714542686939239502e-01,5.501972436904907227e-01,6.911570578813552856e-02,9.232725948095321655e-03
1.072067208588123322e-02,9.782056212425231934e-01,1.063115429133176804e-02,4.425143997650593519e-04
2.649840414524078369e-01,6.921770572662353516e-01,2.420567162334918976e-02,1.863317377865314484e-02
1.386817544698715210e-01,8.059660196304321289e-01,4.490542039275169373e-02,1.044682320207357407e-02
3.495131060481071472e-02,5.311092734336853027e-02,4.770098328590393066e-01,4.349279701709747314e-01
1.289740055799484253e-01,5.916662216186523438e-01,2.221371978521347046e-01,5.722262710332870483e-02
1.704196259379386902e-02,6.547135114669799805e-02,8.789018988609313965e-01,3.858472406864166260e-02
2.932839468121528625e-02,6.720474362373352051e-02,7.674964070320129395e-01,1.359705179929733276e-01
9.642111659049987793e-01,1.442791894078254700e-03,4.765567427966743708e-05,3.429834917187690735e-02
8.583954721689224243e-02,8.959699273109436035e-01,1.709738001227378845e-02,1.093211700208485126e-03
4.601151682436466217e-03,4.581452012062072754e-01,4.689720571041107178e-01,6.828162819147109985e-02
9.787446260452270508e-01,8.242613635957241058e-03,2.410743036307394505e-04,1.277163997292518616e-02
9.712012410163879395e-01,5.036161746829748154e-03,3.267023130320012569e-04,2.343591302633285522e-02
9.339569211006164551e-01,2.927252207882702351e-04,5.174942998564802110e-06,6.574515253305435181e-02
9.565624594688415527e-01,5.583832506090402603e-03,2.984926104545593262e-04,3.755520656704902649e-02
2.189392000436782837e-01,7.022100090980529785e-01,1.336034573614597321e-02,6.549040973186492920e-02
8.826966583728790283e-02,4.345907829701900482e-03,1.204449836222920567e-05,9.073722958564758301e-01
8.447304964065551758e-01,1.002399623394012451e-02,1.494496536906808615e-04,1.450960189104080200e-01
7.767435312271118164e-01,1.366927102208137512e-02,2.955066738650202751e-04,2.092917412519454956e-01
2.175725251436233521e-01,7.077174782752990723e-01,6.791392341256141663e-03,6.791859120130538940e-02
1.195232421159744263e-01,8.600252270698547363e-01,1.869652047753334045e-02,1.754978206008672714e-03
2.894494533538818359e-01,5.665300488471984863e-01,3.078436292707920074e-02,1.132361367344856262e-01
1.642112806439399719e-02,6.721784174442291260e-02,8.637856841087341309e-01,5.257539078593254089e-02
9.928231239318847656e-01,2.877257997170090675e-03,3.109585028141736984e-03,1.190008479170501232e-03
3.100028038024902344e-01,5.747986435890197754e-01,6.631588935852050781e-02,4.888261854648590088e-02
6.520507335662841797e-01,2.601985037326812744e-01,4.276144783943891525e-03,8.347462117671966553e-02
4.159736037254333496e-01,4.003126621246337891e-01,1.831391602754592896e-01,5.745312082581222057e-04
4.547562450170516968e-02,3.031013607978820801e-01,6.485475897789001465e-01,2.875432139262557030e-03
4.836936667561531067e-02,2.510981261730194092e-01,6.586580872535705566e-01,4.187439754605293274e-02
6.243532150983810425e-02,4.530298113822937012e-01,4.700946509838104248e-01,1.444020029157400131e-02
4.191180691123008728e-02,9.517320394515991211e-01,2.531094360165297985e-04,6.103097461163997650e-03
5.453571429825387895e-05,5.889435997232794762e-04,2.977390075102448463e-03,9.963791966438293457e-01
5.851098299026489258e-01,4.056316614151000977e-02,3.703288733959197998e-01,3.998122178018093109e-03
8.539154659956693649e-04,8.724818937480449677e-03,9.903690218925476074e-01,5.216438876232132316e-05
2.948292531073093414e-03,9.968962669372558594e-01,9.439575660508126020e-05,6.109120295150205493e-05
1.393959522247314453e-01,8.492769002914428711e-01,1.289652893319725990e-03,1.003752648830413818e-02
3.837433410808444023e-03,3.796253502368927002e-01,6.165241599082946777e-01,1.308249011344742030e-05
1.557549741119146347e-02,9.760329723358154297e-01,7.721931673586368561e-03,6.696602795273065567e-04
4.942472558468580246e-03,9.922062754631042480e-01,2.775322180241346359e-03,7.595047645736485720e-05
3.238404989242553711e-01,4.279334843158721924e-01,1.187795866280794144e-02,2.363480627536773682e-01
5.783256888389587402e-01,1.442080643028020859e-02,4.628076858352869749e-04,4.067907035350799561e-01
7.220907264127163216e-06,5.036563379690051079e-07,1.247088107447780203e-06,9.999910593032836914e-01
4.383551180362701416e-01,2.095422595739364624e-01,7.666773349046707153e-02,2.754349708557128906e-01
3.389194235205650330e-02,1.480634808540344238e-01,7.873982787132263184e-01,3.064635023474693298e-02
1.090604439377784729e-02,9.862192273139953613e-01,2.844139700755476952e-03,3.052327519981190562e-05
2.432152442634105682e-02,2.377264052629470825e-01,7.245426177978515625e-01,1.340938732028007507e-02
4.440010711550712585e-02,8.952447175979614258e-01,5.756561830639839172e-02,2.789468737319111824e-03
4.103814959526062012e-01,3.911287188529968262e-01,1.386787891387939453e-01,5.981101840734481812e-02
1.172060240060091019e-02,7.433791458606719971e-02,8.681100606918334961e-01,4.583149030804634094e-02
2.918219268321990967e-01,2.807555794715881348e-01,3.156536817550659180e-01,1.117687970399856567e-01
1.104947030544281006e-01,4.545713067054748535e-01,4.306091666221618652e-01,4.324889276176691055e-03
2.115968614816665649e-01,3.582673072814941406e-01,4.240322113037109375e-01,6.103603634983301163e-03
4.924287088215351105e-03,1.008769571781158447e-01,8.940677642822265625e-01,1.309472718276083469e-04
8.502694964408874512e-02,7.584148049354553223e-01,1.283536404371261597e-01,2.820463106036186218e-02
3.470311462879180908e-01,2.317822724580764771e-01,1.208065599203109741e-01,3.003800511360168457e-01
5.871379747986793518e-02,4.231608211994171143e-01,5.170115828514099121e-01,1.113751903176307678e-03
3.720121458172798157e-02,7.807427644729614258e-01,1.820001155138015747e-01,5.591680383076891303e-05
1.410073973238468170e-02,1.361504793167114258e-01,8.486946225166320801e-01,1.054139924235641956e-03
2.139715999364852905e-01,7.375231981277465820e-01,4.220075532793998718e-02,6.304442416876554489e-03
3.221662016585469246e-03,2.622730284929275513e-02,9.397857785224914551e-01,3.076515905559062958e-02
3.788805101066827774e-03,1.142338570207357407e-02,4.018722474575042725e-01,5.829156041145324707e-01
6.507847309112548828e-01,1.638651937246322632e-01,2.626585774123668671e-02,1.590841859579086304e-01
3.669205307960510254e-02,8.307716995477676392e-02,6.133447289466857910e-01,2.668859660625457764e-01
5.727481469511985779e-02,1.083177626132965088e-01,5.379917025566101074e-01,2.964156270027160645e-01
1.048861257731914520e-02,2.908047735691070557e-01,6.986110210418701172e-01,9.553269046591594815e-05
9.930137544870376587e-03,2.262873947620391846e-01,7.636538743972778320e-01,1.286380138481035829e-04
6.445798873901367188e-01,1.142270341515541077e-01,2.682410180568695068e-02,2.143689095973968506e-01
1.132221072912216187e-01,1.745682954788208008e-01,4.745848476886749268e-01,2.376247942447662354e-01
3.126009553670883179e-02,7.615817338228225708e-02,7.678732275962829590e-01,1.247084736824035645e-01
2.541000247001647949e-01,5.028859972953796387e-01,4.520967602729797363e-03,2.384930849075317383e-01
3.302738070487976074e-01,3.787175118923187256e-01,2.459290772676467896e-01,4.507957026362419128e-02
6.766453385353088379e-02,4.463950395584106445e-01,4.835591316223144531e-01,2.381308935582637787e-03
4.479376133531332016e-03,7.089237868785858154e-02,9.244729876518249512e-01,1.552232424728572369e-04
1.968291588127613068e-02,1.743253469467163086e-01,8.045197725296020508e-01,1.471890951506793499e-03
3.984379116445779800e-03,5.669661611318588257e-02,9.384671449661254883e-01,8.517896640114486217e-04
6.590611487627029419e-02,4.498694837093353271e-01,4.829862713813781738e-01,1.238191034644842148e-03
1.258897501975297928e-02,4.895324259996414185e-02,8.564304113388061523e-01,8.202741295099258423e-02
8.031340688467025757e-02,5.100748538970947266e-01,3.947390317916870117e-01,1.487267855554819107e-02
4.144570529460906982e-01,4.100371599197387695e-01,1.570594757795333862e-01,1.844634301960468292e-02
3.260794281959533691e-02,7.842460870742797852e-01,1.830028891563415527e-01,1.431663404218852520e-04
1.031968742609024048e-01,8.262340426445007324e-01,2.344107069075107574e-02,4.712797701358795166e-02
6.012323498725891113e-02,8.997404575347900391e-01,3.275793418288230896e-02,7.378327660262584686e-03
2.549847774207592010e-02,8.510838747024536133e-01,1.221034228801727295e-01,1.314222230575978756e-03
2.181331217288970947e-01,3.787810802459716797e-01,3.962374031543731689e-01,6.848447956144809723e-03
2.796807885169982910e-02,9.341696500778198242e-01,3.593001887202262878e-02,1.932260813191533089e-03
4.754835367202758789e-01,8.162236213684082031e-02,1.758361048996448517e-02,4.253105223178863525e-01
4.093704745173454285e-02,8.085533976554870605e-01,1.503988802433013916e-01,1.106690615415573120e-04
4.159085452556610107e-01,5.701473951339721680e-01,3.963094495702534914e-04,1.354779675602912903e-02
6.961008161306381226e-02,3.874562382698059082e-01,5.410242676734924316e-01,1.909420825541019440e-03
2.874679863452911377e-01,3.518056869506835938e-01,3.349074721336364746e-01,2.581892162561416626e-02
2.678717486560344696e-02,2.661904096603393555e-01,6.695858240127563477e-01,3.743658959865570068e-02
5.016150698065757751e-02,9.270306676626205444e-02,4.947398006916046143e-01,3.623957037925720215e-01
5.678439512848854065e-02,8.701007366180419922e-01,6.944090873003005981e-02,3.673994448035955429e-03
4.674709215760231018e-02,6.160070002079010010e-02,3.324171304702758789e-01,5.592351555824279785e-01
1.176252439618110657e-01,7.313572764396667480e-01,1.418581902980804443e-01,9.159301407635211945e-03
8.126327884383499622e-04,1.077271252870559692e-02,9.471181035041809082e-01,4.129657894372940063e-02
1.614160649478435516e-02,9.665426015853881836e-01,1.662265695631504059e-02,6.930705858394503593e-04
6.425049155950546265e-02,8.426976799964904785e-01,8.438614010810852051e-02,8.665637113153934479e-03
3.258817270398139954e-02,9.650088548660278320e-01,2.203603740781545639e-03,1.994037302210927010e-04
6.787148118019104004e-02,7.713385820388793945e-01,1.589661985635757446e-01,1.823753584176301956e-03
2.575413510203361511e-02,9.472728371620178223e-01,2.478931471705436707e-02,2.183761214837431908e-03
1.176297292113304138e-01,7.849605679512023926e-01,8.826670050621032715e-02,9.143000468611717224e-03
1.869603991508483887e-01,3.704690933227539062e-01,4.394708275794982910e-01,3.099658526480197906e-03
4.801124334335327148e-01,3.665660619735717773e-01,1.107980161905288696e-01,4.252350702881813049e-02
3.337710723280906677e-02,7.500448226928710938e-01,2.152442038059234619e-01,1.333837048150599003e-03
2.544910311698913574e-01,3.623782694339752197e-01,3.609706163406372070e-01,2.216013707220554352e-02
1.740002036094665527e-01,5.526199340820312500e-01,2.575172483921051025e-01,1.586254313588142395e-02
4.153979942202568054e-02,8.832184076309204102e-01,6.313473731279373169e-02,1.210708636790513992e-02
1.429874747991561890e-01,7.940081357955932617e-01,6.127440184354782104e-02,1.730012940242886543e-03
9.263578249374404550e-05,3.748780727619305253e-06,3.155393187626032159e-06,9.999004602432250977e-01
2.789673209190368652e-01,2.681097686290740967e-01,3.255459070205688477e-01,1.273769885301589966e-01
1.630594924790784717e-04,3.479238948784768581e-04,9.994889497756958008e-01,2.493654704949221923e-08
5.250138044357299805e-01,4.387162923812866211e-01,2.042044885456562042e-03,3.422786295413970947e-02
3.776464983820915222e-02,1.974811702966690063e-01,7.639254927635192871e-01,8.286260417662560940e-04
5.497369766235351562e-01,2.115257531404495239e-01,4.421243444085121155e-02,1.945248693227767944e-01
5.869550704956054688e-01,2.397468537092208862e-01,3.363565355539321899e-02,1.396624445915222168e-01
1.691707819700241089e-01,4.641948044300079346e-01,2.922014296054840088e-01,7.443299889564514160e-02
3.835530206561088562e-02,9.592323899269104004e-01,1.998249208554625511e-03,4.140926466789096594e-04
1.743832528591156006e-01,8.207103013992309570e-01,9.463471360504627228e-04,3.960139583796262741e-03
8.227270154748111963e-05,9.998747110366821289e-01,4.302515299059450626e-05,4.236071404761787562e-08
2.299036979675292969e-01,7.280811071395874023e-01,3.450683876872062683e-02,7.508368697017431259e-03
5.027873814105987549e-02,7.234383225440979004e-01,2.261908501386642456e-01,9.213080193148925900e-05
2.801560983061790466e-02,3.615779876708984375e-01,5.977016687393188477e-01,1.270470302551984787e-02
1.449705014238134027e-04,3.128600306808948517e-03,9.696801304817199707e-01,2.704625390470027924e-02
2.780335210263729095e-02,9.050493687391281128e-02,8.107206821441650391e-01,7.097107172012329102e-02
4.009342193603515625e-01,4.697281420230865479e-01,5.654915049672126770e-02,7.278844714164733887e-02
6.242497265338897705e-02,8.177098631858825684e-01,1.047751381993293762e-01,1.509009115397930145e-02
5.141505226492881775e-02,8.473345041275024414e-01,8.777314424514770508e-02,1.347738131880760193e-02
5.078666284680366516e-02,8.550449013710021973e-01,8.236813545227050781e-02,1.180025935173034668e-02
1.295773983001708984e-01,7.081691622734069824e-01,1.262671053409576416e-01,3.598631918430328369e-02
2.564570307731628418e-01,2.746633999049663544e-02,4.026991780847311020e-03,7.120496034622192383e-01
1.995683414861559868e-04,9.997444748878479004e-01,5.596730625256896019e-05,4.308205703296152933e-08
1.427913904190063477e-01,7.517389059066772461e-01,1.035692170262336731e-01,1.900446135550737381e-03
1.262078341096639633e-02,9.689244627952575684e-01,1.610953919589519501e-02,2.345210639759898186e-03
1.014009714126586914e-01,7.130064368247985840e-01,1.837156862020492554e-01,1.876852591522037983e-03
3.390178456902503967e-02,9.198122620582580566e-01,4.601060599088668823e-02,2.753483422566205263e-04
8.118978142738342285e-02,7.844208478927612305e-01,9.969934821128845215e-02,3.469006344676017761e-02
2.560857236385345459e-01,3.539369702339172363e-01,3.303433954715728760e-01,5.963389202952384949e-02
6.859061121940612793e-02,8.884686231613159180e-01,9.060413576662540436e-03,3.388027101755142212e-02
3.726234659552574158e-02,9.614330530166625977e-01,1.120527042075991631e-03,1.840732729760929942e-04
4.422763013280928135e-04,4.798692185431718826e-03,9.947589039802551270e-01,3.367510714724630816e-08
3.649247065186500549e-02,9.438233971595764160e-01,1.948886178433895111e-02,1.952414168044924736e-04
3.401157679036259651e-03,3.674663603305816650e-01,6.291320919990539551e-01,4.335481094130955171e-07
1.284493249841034412e-03,9.986881613731384277e-01,8.626114322396460921e-06,1.866318962129298598e-05
1.192134320735931396e-01,2.941456735134124756e-01,4.589215219020843506e-01,1.277192831039428711e-01
9.632105231285095215e-01,3.988463431596755981e-03,6.720429610140854493e-06,3.279430791735649109e-02
9.688406586647033691e-01,1.683477661572396755e-03,9.939805750036612153e-05,2.937643602490425110e-02
9.449453949928283691e-01,1.234417199157178402e-03,8.272556442534551024e-06,5.381201207637786865e-02
2.048473805189132690e-01,7.650359869003295898e-01,1.331345736980438232e-02,1.680323295295238495e-02
2.282430976629257202e-02,2.119759917259216309e-01,7.648663520812988281e-01,3.333542263135313988e-04
8.963639140129089355e-01,4.030714742839336395e-03,8.241939212894067168e-05,9.952299296855926514e-02
8.628388494253158569e-02,1.551148444414138794e-01,5.716488361358642578e-01,1.869524419307708740e-01
8.885623812675476074e-01,4.388790577650070190e-03,1.163417891802964732e-05,1.070372238755226135e-01
9.244690537452697754e-01,4.980325233191251755e-03,3.525898500811308622e-05,7.051539421081542969e-02
1.067989692091941833e-01,8.838106989860534668e-01,8.053118363022804260e-03,1.337200286798179150e-03
9.661129713058471680e-01,4.742156714200973511e-03,4.079031932633370161e-04,2.873698808252811432e-02
1.930728405714035034e-01,4.378928244113922119e-01,3.290413320064544678e-01,3.999296948313713074e-02
9.975861310958862305e-01,8.233319967985153198e-04,7.207558373920619488e-04,8.697503362782299519e-04
4.374542534351348877e-01,4.817039370536804199e-01,5.140272900462150574e-02,2.943911962211132050e-02
6.549134850502014160e-02,9.304336309432983398e-01,4.178627859801054001e-04,3.657080000266432762e-03
5.945506040006875992e-03,4.340200871229171753e-02,9.359943866729736328e-01,1.465815212577581406e-02
8.276042938232421875e-01,1.182679384946823120e-01,4.096155054867267609e-03,5.003154277801513672e-02
2.304206639528274536e-01,5.146028399467468262e-01,2.524834871292114258e-01,2.493026899173855782e-03
9.647817015647888184e-01,2.613091375678777695e-03,6.530491373268887401e-05,3.253983706235885620e-02
3.525339961051940918e-01,5.602930784225463867e-01,2.650476992130279541e-02,6.066824495792388916e-02
1.095887571573257446e-01,2.298396974802017212e-01,6.129013299942016602e-01,4.767027497291564941e-02
2.267863228917121887e-02,6.697552651166915894e-02,7.321642637252807617e-01,1.781816035509109497e-01
9.403725862503051758e-01,6.165076047182083130e-04,7.514493063354166225e-06,5.900334566831588745e-02
8.909324407577514648e-01,1.888687605969607830e-03,1.497611174272606149e-05,1.071639508008956909e-01
8.631739020347595215e-01,3.622265905141830444e-02,2.617197751533240080e-04,1.003417968750000000e-01
7.556757330894470215e-02,1.322764307260513306e-01,5.387395620346069336e-01,2.534163892269134521e-01
9.844196438789367676e-01,4.475086461752653122e-04,2.212675462942570448e-05,1.511065848171710968e-02
9.753444790840148926e-01,6.688328925520181656e-03,1.637340174056589603e-04,1.780346781015396118e-02
1.309380084276199341e-01,8.519705533981323242e-01,1.629978045821189880e-02,7.916515460237860680e-04
4.951797127723693848e-01,4.107789099216461182e-01,1.428867038339376450e-02,7.975262403488159180e-02
1.882830262184143066e-01,6.678603887557983398e-01,2.792801149189472198e-02,1.159285828471183777e-01
3.792539983987808228e-02,8.136703073978424072e-02,6.766803860664367676e-01,2.040271162986755371e-01
2.852388918399810791e-01,5.250517129898071289e-01,1.598932296037673950e-01,2.981618605554103851e-02
2.220437824726104736e-01,7.080823779106140137e-01,1.655708439648151398e-02,5.331669002771377563e-02
1.010962203145027161e-01,2.367022931575775146e-01,6.030597090721130371e-01,5.914180353283882141e-02
2.243531048297882080e-01,7.572578191757202148e-01,1.697904616594314575e-02,1.410008524544537067e-03
3.592748194932937622e-02,9.290452301502227783e-02,7.926121354103088379e-01,7.855594158172607422e-02
2.569737732410430908e-01,3.698980212211608887e-01,3.056214451789855957e-01,6.750673055648803711e-02
3.141110539436340332e-01,9.745494276285171509e-02,2.717212773859500885e-02,5.612618327140808105e-01
4.974898323416709900e-02,5.522756576538085938e-01,3.898999392986297607e-01,8.075334131717681885e-03
2.634481899440288544e-02,9.715018868446350098e-01,1.998815685510635376e-03,1.545017294120043516e-04
1.499402821063995361e-01,5.000458359718322754e-01,3.477925062179565430e-01,2.221393864601850510e-03
3.718297183513641357e-01,1.965165585279464722e-01,9.796675294637680054e-02,3.336869478225708008e-01
6.110568344593048096e-02,9.353976845741271973e-01,3.027758793905377388e-03,4.688603803515434265e-04
1.540170907974243164e-01,8.414920568466186523e-01,2.696846378967165947e-03,1.794038689695298672e-03
9.975684285163879395e-01,3.014993562828749418e-04,6.675280747003853321e-05,2.063309773802757263e-03
1.453067958354949951e-01,5.234354138374328613e-01,3.093888163566589355e-01,2.186900004744529724e-02
3.363963067531585693e-01,4.916867017745971680e-01,5.973887746222317219e-04,1.713196784257888794e-01
4.131836295127868652e-01,2.661573588848114014e-01,1.731323748826980591e-01,1.475265771150588989e-01
1.027734726667404175e-01,8.686454296112060547e-01,3.982559719588607550e-04,2.818287536501884460e-02
1.966297477483749390e-01,7.389894723892211914e-01,5.431380704976618290e-04,6.383763253688812256e-02
2.255224622786045074e-03,3.434930928051471710e-03,4.748773574829101562e-02,9.468221068382263184e-01
3.977089524269104004e-01,5.581853985786437988e-01,3.933652862906455994e-02,4.769031424075365067e-03
3.253864357247948647e-03,2.694870531558990479e-02,9.697945117950439453e-01,2.870924163289600983e-06
1.110340934246778488e-02,9.184614419937133789e-01,7.024829089641571045e-02,1.867503015091642737e-04
3.454913496971130371e-01,4.974576830863952637e-01,2.398478798568248749e-03,1.546524763107299805e-01
4.685145020484924316e-01,1.371059715747833252e-01,2.679265569895505905e-03,3.917002677917480469e-01
4.149976575718028471e-07,8.108931069727987051e-06,9.999915361404418945e-01,1.132075677645616452e-08
7.862753234803676605e-03,9.779631495475769043e-01,1.416742522269487381e-02,6.657692665612557903e-06
2.846645712852478027e-01,2.673422396183013916e-01,3.218801319599151611e-01,1.261131167411804199e-01
4.119072556495666504e-01,1.194957345724105835e-01,6.210286170244216919e-02,4.064942300319671631e-01
2.707152068614959717e-02,9.355915188789367676e-01,3.465811163187026978e-02,2.678842982277274132e-03
1.937676519155502319e-01,5.138158202171325684e-01,2.833559215068817139e-01,9.060616604983806610e-03
9.924994409084320068e-02,8.963845968246459961e-01,1.997658517211675644e-03,2.367872977629303932e-03
4.011152386665344238e-01,5.718045234680175781e-01,3.009699576068669558e-04,2.677930705249309540e-02
4.850320518016815186e-02,9.457589983940124512e-01,5.315644666552543640e-03,4.220973351038992405e-04
2.376062273979187012e-01,1.180617734789848328e-01,1.151423454284667969e-01,5.291896462440490723e-01
6.850883830338716507e-03,9.930631518363952637e-01,3.069681042688898742e-05,5.530945418286137283e-05
3.706967830657958984e-01,3.865898251533508301e-01,6.681536138057708740e-02,1.758979707956314087e-01
2.398321479558944702e-01,1.770017445087432861e-01,2.731567621231079102e-01,3.100093603134155273e-01
6.378035992383956909e-02,9.319503307342529297e-01,2.727771410718560219e-03,1.541537814773619175e-03
1.312204301357269287e-01,8.391605615615844727e-01,2.186369709670543671e-02,7.755368947982788086e-03
2.098741978406906128e-01,7.505071163177490234e-01,1.483806222677230835e-02,2.478056773543357849e-02
2.162765115499496460e-01,1.985260993242263794e-01,3.333433568477630615e-01,2.518540024757385254e-01
9.315859079360961914e-01,3.754976671189069748e-03,3.127094532828778028e-05,6.462772935628890991e-02
3.458875417709350586e-01,2.662294805049896240e-01,1.383116096258163452e-01,2.495713531970977783e-01
3.083054907619953156e-03,5.229058489203453064e-02,9.445338249206542969e-01,9.252945164917036891e-05
7.948131300508975983e-03,9.004957042634487152e-03,9.111593663692474365e-02,8.919309377670288086e-01
1.205708272755146027e-02,2.411469444632530212e-02,1.361651569604873657e-01,8.276630043983459473e-01
5.717628821730613708e-02,9.875528514385223389e-02,4.285384714603424072e-01,4.155298769474029541e-01
1.292126178741455078e-01,7.916294932365417480e-01,7.882621884346008301e-02,3.316283400636166334e-04
9.028232842683792114e-02,1.516217589378356934e-01,6.333682537078857422e-01,1.247276887297630310e-01
2.765599638223648071e-03,9.945407509803771973e-01,2.688830718398094177e-03,4.846118827117606997e-06
5.007489584386348724e-03,9.903117418289184570e-01,4.666558932512998581e-03,1.412374058418208733e-05
4.685639739036560059e-01,4.036730155348777771e-03,4.822938717552460730e-05,5.273509621620178223e-01
3.296754360198974609e-01,6.600206345319747925e-02,1.620975323021411896e-03,6.027015447616577148e-01
1.573796570301055908e-01,7.549445033073425293e-01,8.632734417915344238e-02,1.348531921394169331e-03
5.082933604717254639e-02,9.472824931144714355e-01,6.404742016457021236e-04,1.247692154720425606e-03
1.299379207193851471e-02,6.218185648322105408e-02,8.962280154228210449e-01,2.859631739556789398e-02
2.288012057542800903e-01,7.254506349563598633e-01,3.399756923317909241e-02,1.175055745989084244e-02
5.222418904304504395e-02,1.157618165016174316e-01,1.041938439011573792e-01,7.278200984001159668e-01
2.081082761287689209e-01,7.125994563102722168e-01,5.207417905330657959e-02,2.721805498003959656e-02
9.896915405988693237e-03,9.553477764129638672e-01,3.473473340272903442e-02,2.061647683149203658e-05
5.212923288345336914e-01,1.205055713653564453e-01,2.960411272943019867e-02,3.285979926586151123e-01
1.333529222756624222e-02,2.384723126888275146e-01,7.481170296669006348e-01,7.539700891356915236e-05
3.122519850730895996e-01,4.488203227519989014e-01,2.207735329866409302e-01,1.815425977110862732e-02
2.121852040290832520e-01,6.512080430984497070e-01,1.348139494657516479e-01,1.792886294424533844e-03
5.700990557670593262e-02,4.269777536392211914e-01,5.150111317634582520e-01,1.001247437670826912e-03
4.849793913308531046e-04,4.787527024745941162e-01,1.284407451748847961e-02,5.079182982444763184e-01
1.285556107759475708e-01,1.885081678628921509e-01,4.845046699047088623e-01,1.984315514564514160e-01
5.874886363744735718e-02,1.289536058902740479e-01,6.997147798538208008e-01,1.125828027725219727e-01
1.247642412781715393e-01,3.292526304721832275e-01,5.352801084518432617e-01,1.070303935557603836e-02
4.206653833389282227e-01,1.848909556865692139e-01,1.433187574148178101e-01,2.511249482631683350e-01
1.539601106196641922e-02,2.052164199994876981e-04,9.218015293299686164e-06,9.843894839286804199e-01
1.521021313965320587e-02,1.439543068408966064e-01,8.393328189849853516e-01,1.502572093158960342e-03
1.043452620506286621e-01,7.436991333961486816e-01,1.469200849533081055e-01,5.035557318478822708e-03
9.731849282979965210e-02,1.658348292112350464e-01,5.476071238517761230e-01,1.892396509647369385e-01
6.822234392166137695e-02,1.075810519978404045e-03,4.583600093610584736e-05,9.306560754776000977e-01
3.273090124130249023e-01,5.165381431579589844e-01,3.827307000756263733e-02,1.178798004984855652e-01
1.552903205156326294e-01,7.026822566986083984e-01,8.642065525054931641e-02,5.560677126049995422e-02
4.673177003860473633e-01,1.825853139162063599e-01,2.215555496513843536e-02,3.279414474964141846e-01
5.568373599089682102e-04,1.055758912116289139e-02,9.857019186019897461e-01,3.183711785823106766e-03
3.608645796775817871e-01,3.155439794063568115e-01,2.332961559295654297e-01,9.029532968997955322e-02
5.837808828800916672e-03,9.888134598731994629e-01,4.318794235587120056e-03,1.029917155392467976e-03
3.087302902713418007e-03,9.954040050506591797e-01,1.042556832544505596e-03,4.661435086745768785e-04
9.803109169006347656e-01,9.020931902341544628e-04,2.887197842937894166e-05,1.875803992152214050e-02
2.609101869165897369e-02,9.713564515113830566e-01,2.269642893224954605e-03,2.828958968166261911e-04
2.755314344540238380e-03,9.955586194992065430e-01,1.611453364603221416e-03,7.458272739313542843e-05
7.138387858867645264e-02,8.303824067115783691e-01,9.339895844459533691e-02,4.834705498069524765e-03
2.581219375133514404e-01,2.110694646835327148e-01,2.678638398647308350e-01,2.629447877407073975e-01
1.137950196862220764e-01,2.609416246414184570e-01,5.570737123489379883e-01,6.818962097167968750e-02
2.273582154884934425e-03,9.974326491355895996e-01,2.873913908842951059e-04,6.470575044659199193e-06
1.762774884700775146e-01,1.560638695955276489e-01,3.545883893966674805e-01,3.130702972412109375e-01
4.560786187648773193e-01,5.947031080722808838e-02,8.465959690511226654e-03,4.759850800037384033e-01
4.580133408308029175e-02,7.008329033851623535e-01,3.555163857527077198e-04,2.530102133750915527e-01
2.194367647171020508e-01,7.243271470069885254e-01,3.755801543593406677e-02,1.867802254855632782e-02
4.152418300509452820e-02,9.033688306808471680e-01,2.598436316475272179e-03,5.250857025384902954e-02
1.222810056060552597e-02,9.851480126380920410e-01,1.053887419402599335e-03,1.569996355101466179e-03
1.098290830850601196e-01,5.526984333992004395e-01,3.355166912078857422e-01,1.955698942765593529e-03
5.687845349311828613e-01,1.658610552549362183e-01,2.020563557744026184e-02,2.451488077640533447e-01
2.717361152172088623e-01,1.326253265142440796e-02,2.000959124416112900e-03,7.130004167556762695e-01
2.031380236148834229e-01,5.166746973991394043e-01,2.780984938144683838e-01,2.088786102831363678e-03
1.784580200910568237e-02,9.573734998703002930e-01,2.395527623593807220e-02,8.253267733380198479e-04
1.154169514775276184e-01,6.637811064720153809e-01,2.126760333776473999e-01,8.125916123390197754e-03
8.802893012762069702e-02,5.203613042831420898e-01,3.846289813518524170e-01,6.980733480304479599e-03
4.541674256324768066e-01,4.924967885017395020e-01,6.812418345361948013e-03,4.652343317866325378e-02
4.285707604140043259e-03,8.718575537204742432e-02,5.625773668289184570e-01,3.459511995315551758e-01
2.306150496006011963e-01,7.333126664161682129e-01,5.485316738486289978e-03,3.058691695332527161e-02
1.747914589941501617e-03,9.976576566696166992e-01,5.841256352141499519e-04,1.026062363962410018e-05
2.422855794429779053e-01,3.996967375278472900e-01,3.376747965812683105e-01,2.034284174442291260e-02
9.778349846601486206e-02,5.024589300155639648e-01,2.670131623744964600e-01,1.327444314956665039e-01
1.287644207477569580e-01,6.456686258316040039e-01,2.226645052433013916e-01,2.902420936152338982e-03
9.200143218040466309e-01,2.393493242561817169e-02,7.932095904834568501e-04,5.525755509734153748e-02
3.591363783925771713e-03,9.932110905647277832e-01,3.078033449128270149e-03,1.196070734295062721e-04
2.193214837461709976e-03,9.960278272628784180e-01,1.729451585561037064e-03,4.948458808939903975e-05
3.870415315032005310e-02,8.877173066139221191e-01,7.333709299564361572e-02,2.414582559140399098e-04
1.172345218947157264e-04,2.666787710040807724e-03,9.828492999076843262e-01,1.436668261885643005e-02
4.664925485849380493e-02,8.797919154167175293e-01,7.312056422233581543e-02,4.383046180009841919e-04
3.403917799005284905e-05,9.999644756317138672e-01,1.348273485746176448e-06,1.579992954248155002e-07
9.186425060033798218e-02,3.099579513072967529e-01,5.959640741348266602e-01,2.213741885498166084e-03
9.657024056650698185e-04,3.416150435805320740e-02,9.647409915924072266e-01,1.317927817581221461e-04
1.882355101406574249e-02,1.192765831947326660e-01,7.717622518539428711e-01,9.013766795396804810e-02
6.156125571578741074e-03,9.816126823425292969e-01,1.221588253974914551e-02,1.533918111817911267e-05
9.456549286842346191e-01,6.241032970137894154e-04,1.579268973728176206e-05,5.370514839887619019e-02
7.502774149179458618e-02,1.035272851586341858e-01,4.211216568946838379e-01,4.003233313560485840e-01
1.150604337453842163e-03,2.297844290733337402e-01,7.689002752304077148e-01,1.647049793973565102e-04
3.991182520985603333e-02,9.226202368736267090e-01,3.659527748823165894e-02,8.726420346647500992e-04
5.578795671463012695e-01,1.420006453990936279e-01,3.091390058398246765e-02,2.692058682441711426e-01
2.270558798045385629e-05,9.999754428863525391e-01,1.688767952146008611e-06,1.168952934449407621e-07
3.553967224434018135e-03,5.141333490610122681e-02,9.441450834274291992e-01,8.876174106262624264e-04
4.043222591280937195e-02,8.561161756515502930e-01,8.257116191089153290e-03,9.519451111555099487e-02
1.640364080667495728e-01,7.451447099447250366e-02,1.016307845711708069e-01,6.598182916641235352e-01
8.801227062940597534e-02,7.626625299453735352e-01,1.476401686668395996e-01,1.685070339590311050e-03
7.657616585493087769e-02,9.113287329673767090e-01,8.167181164026260376e-03,3.927898127585649490e-03
5.276122828945517540e-05,9.999450445175170898e-01,1.402019506713259034e-06,8.037204111133178230e-07
4.838193207979202271e-02,1.844956725835800171e-01,7.573998570442199707e-01,9.722544811666011810e-03
4.997382313013076782e-02,9.297145605087280273e-01,1.996164023876190186e-02,3.499692538753151894e-04
3.249759538448415697e-05,9.999650716781616211e-01,2.276201485074125230e-06,1.759459848926780978e-07
4.608921706676483154e-02,5.441470742225646973e-01,4.092051386833190918e-01,5.585679900832474232e-04
4.852813109755516052e-02,3.207954466342926025e-01,6.285015940666198730e-01,2.174751134589314461e-03
1.381067465990781784e-02,9.760926961898803711e-01,9.842033497989177704e-03,2.545712923165410757e-04
1.049918830394744873e-01,5.894600749015808105e-01,2.934040129184722900e-01,1.214401610195636749e-02
3.582472726702690125e-02,6.684367656707763672e-01,2.945333719253540039e-01,1.205147011205554008e-03
1.215555891394615173e-01,7.652855515480041504e-01,1.113852486014366150e-01,1.773624098859727383e-03
2.162227465305477381e-04,9.993134737014770508e-01,4.697547992691397667e-04,6.071780944694182836e-07
2.333251723030116409e-05,9.999754428863525391e-01,1.157970018539344892e-06,1.084707932363926375e-07
7.834417223930358887e-01,5.990268662571907043e-03,1.578917144797742367e-04,2.104101181030273438e-01
9.076163917779922485e-02,8.604322671890258789e-01,1.063915528357028961e-02,3.816695883870124817e-02
5.881963297724723816e-02,8.203761577606201172e-01,1.194888129830360413e-01,1.315333414822816849e-03
4.114788025617599487e-03,2.386460267007350922e-02,8.701205849647521973e-01,1.018999889492988586e-01
5.314901936799287796e-03,2.532229758799076080e-02,8.148350715637207031e-01,1.545277237892150879e-01
3.120125830173492432e-01,3.616759479045867920e-01,2.984732985496520996e-01,2.783817984163761139e-02
2.058315277099609375e-01,7.114243507385253906e-01,4.251348786056041718e-03,7.849281281232833862e-02
2.126971185207366943e-01,6.914313435554504395e-01,3.535181982442736626e-03,9.233640134334564209e-02
2.361446805298328400e-02,9.403718709945678711e-01,5.679434616467915475e-05,3.595687448978424072e-02
4.022443592548370361e-01,2.237720489501953125e-01,9.375188499689102173e-03,3.646084964275360107e-01
3.131053149700164795e-01,2.858857810497283936e-01,4.559653345495462418e-03,3.964492678642272949e-01
2.731482088565826416e-01,6.298508644104003906e-01,6.684412062168121338e-02,3.015681914985179901e-02
2.111305668950080872e-02,2.450600862503051758e-01,7.332426309585571289e-01,5.842895479872822762e-04
1.427596062421798706e-01,6.576629877090454102e-01,1.894517838954925537e-01,1.012565102428197861e-02
9.701692033559083939e-05,9.999001026153564453e-01,1.901229779832647182e-06,9.139903909272106830e-07
6.325309723615646362e-02,4.889161288738250732e-01,4.466704726219177246e-01,1.160295563749969006e-03
1.636156141757965088e-01,4.169449210166931152e-03,1.560605829581618309e-03,8.306543231010437012e-01
1.205034255981445312e-01,7.571684122085571289e-01,1.211661323904991150e-01,1.162137952633202076e-03
