7.384747266769409180e-02,3.048378825187683105e-01,-2.006378918886184692e-01
5.445570498704910278e-02,2.745765745639801025e-01,-2.353858798742294312e-01
1.911439187824726105e-02,2.639976441860198975e-01,-1.791312098503112793e-01
1.036924682557582855e-02,2.695722579956054688e-01,-2.129545062780380249e-01
3.023288771510124207e-02,2.436479181051254272e-01,-2.225382924079895020e-01
-3.718977561220526695e-03,3.113110065460205078e-01,-2.062738686800003052e-01
2.420081011950969696e-02,2.751612365245819092e-01,-2.059011608362197876e-01
-4.268376901745796204e-02,2.705078721046447754e-01,-2.445001155138015747e-01
3.382881730794906616e-02,2.906236350536346436e-01,-2.558630704879760742e-01
2.098868833854794502e-03,2.580060064792633057e-01,-1.723507642745971680e-01
1.323976553976535797e-02,2.871924042701721191e-01,-2.287050932645797729e-01
-3.967731446027755737e-02,2.658180296421051025e-01,-1.549130231142044067e-01
1.587996631860733032e-02,2.889478504657745361e-01,-1.813433021306991577e-01
3.892721608281135559e-02,2.695774734020233154e-01,-2.216482162475585938e-01
-7.753202691674232483e-03,2.345311492681503296e-01,-2.206174433231353760e-01
-3.978224843740463257e-02,2.569142878055572510e-01,-2.082467973232269287e-01
1.695455051958560944e-02,2.598767280578613281e-01,-2.252625524997711182e-01
2.182982675731182098e-02,3.204275667667388916e-01,-1.726115196943283081e-01
4.599106311798095703e-02,3.093898892402648926e-01,-2.526167333126068115e-01
6.897033005952835083e-02,2.907539606094360352e-01,-2.359622120857238770e-01
2.592983096837997437e-02,2.686178088188171387e-01,-2.402074337005615234e-01
-1.832042122259736061e-03,2.891399264335632324e-01,-1.492872834205627441e-01
5.108606815338134766e-02,2.461119741201400757e-01,-2.194439172744750977e-01
1.796182803809642792e-02,2.951864004135131836e-01,-1.763749718666076660e-01
3.000746853649616241e-02,2.857181429862976074e-01,-2.293489277362823486e-01
-1.597162522375583649e-02,2.012775093317031860e-01,-2.508898377418518066e-01
-8.770318701863288879e-03,2.430402785539627075e-01,-2.023987621068954468e-01
4.380178824067115784e-02,2.976773381233215332e-01,-2.120228260755538940e-01
7.316354662179946899e-02,2.996833622455596924e-01,-2.368592619895935059e-01
1.042685098946094513e-02,2.594415545463562012e-01,-2.227679789066314697e-01
-1.106962095946073532e-02,2.586686909198760986e-01,-1.682921946048736572e-01
6.092004477977752686e-03,2.937880754470825195e-01,-2.524023056030273438e-01
6.283765286207199097e-02,2.509332895278930664e-01,-2.030961513519287109e-01
3.132553771138191223e-02,2.854225635528564453e-01,-1.805580854415893555e-01
7.258149236440658569e-02,3.435321450233459473e-01,-1.847066581249237061e-01
4.766097292304039001e-02,2.962215244770050049e-01,-1.666777282953262329e-01
-1.759018190205097198e-02,2.451975494623184204e-01,-2.177624702453613281e-01
-5.493350327014923096e-03,2.820623517036437988e-01,-2.396740764379501343e-01
-3.514574095606803894e-02,2.557384967803955078e-01,-2.100394815206527710e-01
1.501619629561901093e-02,2.794351279735565186e-01,-2.125117331743240356e-01
7.638724520802497864e-03,2.728997468948364258e-01,-2.112481743097305298e-01
9.372329805046319962e-04,2.475140690803527832e-01,-2.422363460063934326e-01
2.947710454463958740e-02,2.400551289319992065e-01,-2.813377678394317627e-01
5.998268723487854004e-03,2.701453268527984619e-01,-2.174294739961624146e-01
-1.209673564881086349e-02,2.508348226547241211e-01,-2.045903503894805908e-01
7.919292151927947998e-02,2.940451800823211670e-01,-1.815532743930816650e-01
5.124822258949279785e-02,2.859466075897216797e-01,-2.145136296749114990e-01
2.510158810764551163e-04,2.840154767036437988e-01,-2.033694535493850708e-01
9.328379482030868530e-02,3.142659962177276611e-01,-2.114415317773818970e-01
2.998356893658638000e-02,2.526968717575073242e-01,-2.405452877283096313e-01
1.352695282548666000e-02,2.821383774280548096e-01,-1.899072527885437012e-01
2.245583944022655487e-02,2.784008979797363281e-01,-2.278805673122406006e-01
5.253735184669494629e-02,3.027160763740539551e-01,-2.562854290008544922e-01
2.352490276098251343e-02,2.824939787387847900e-01,-2.437131255865097046e-01
-1.077587753534317017e-01,3.027217388153076172e-01,-1.546491086483001709e-01
-4.241261258721351624e-02,2.410093247890472412e-01,-1.946394741535186768e-01
5.670275166630744934e-02,2.895156741142272949e-01,-2.189991027116775513e-01
-6.919072475284337997e-04,2.721987664699554443e-01,-1.773058325052261353e-01
2.644564397633075714e-02,2.757737040519714355e-01,-1.749649941921234131e-01
5.918093398213386536e-02,2.671416997909545898e-01,-2.286857068538665771e-01
8.782700449228286743e-02,3.022233545780181885e-01,-2.483230531215667725e-01
7.537716999650001526e-03,2.940196990966796875e-01,-1.886161267757415771e-01
-1.109547726809978485e-02,2.626446485519409180e-01,-2.011865973472595215e-01
1.856223493814468384e-02,3.197506964206695557e-01,-2.272859364748001099e-01
3.088264912366867065e-02,2.532587051391601562e-01,-2.320658564567565918e-01
-3.845291584730148315e-02,2.802523672580718994e-01,-2.328861355781555176e-01
3.825556859374046326e-02,2.880743145942687988e-01,-1.672242879867553711e-01
6.717544794082641602e-02,3.079783320426940918e-01,-2.369806766510009766e-01
-3.787958761677145958e-03,2.529585361480712891e-01,-1.934631913900375366e-01
3.110408596694469452e-02,2.803755700588226318e-01,-2.461063116788864136e-01
4.668718203902244568e-03,2.867828309535980225e-01,-1.853167265653610229e-01
5.484697222709655762e-02,2.869200110435485840e-01,-2.415352910757064819e-01
-6.097850203514099121e-02,2.369943112134933472e-01,-1.679851263761520386e-01
-1.529134623706340790e-02,2.224247604608535767e-01,-2.033711671829223633e-01
-1.024042256176471710e-02,2.862151265144348145e-01,-2.214267253875732422e-01
9.246718138456344604e-03,2.867072224617004395e-01,-2.414136081933975220e-01
-5.721214786171913147e-02,2.923013269901275635e-01,-2.335137724876403809e-01
4.540972039103507996e-02,2.596854567527770996e-01,-2.026048004627227783e-01
4.832847043871879578e-03,2.587418556213378906e-01,-2.404906451702117920e-01
7.912955433130264282e-02,2.966146767139434814e-01,-2.434379607439041138e-01
4.345074668526649475e-02,3.062105774879455566e-01,-2.357541471719741821e-01
1.705755665898323059e-02,2.771680355072021484e-01,-2.321319431066513062e-01
2.372987009584903717e-02,2.947755157947540283e-01,-1.893564462661743164e-01
4.654473066329956055e-02,2.329635322093963623e-01,-2.763487696647644043e-01
7.661782205104827881e-03,2.672586441040039062e-01,-2.392911463975906372e-01
1.322238333523273468e-02,2.566955387592315674e-01,-2.509871721267700195e-01
1.272755675017833710e-02,2.641114890575408936e-01,-2.325516939163208008e-01
2.381972037255764008e-02,3.076540529727935791e-01,-2.282321155071258545e-01
6.205241009593009949e-02,2.757678627967834473e-01,-2.166288346052169800e-01
-1.549292542040348053e-02,2.434222251176834106e-01,-1.850616484880447388e-01
5.901576206088066101e-02,2.868818640708923340e-01,-1.892116963863372803e-01
-1.953878812491893768e-02,2.499960809946060181e-01,-1.600380688905715942e-01
4.151567444205284119e-02,2.869447767734527588e-01,-2.333361357450485229e-01
3.684274107217788696e-02,3.003608286380767822e-01,-2.248384356498718262e-01
3.845064714550971985e-02,2.701832354068756104e-01,-2.502453923225402832e-01
5.247909203171730042e-02,2.862544655799865723e-01,-2.256673574447631836e-01
4.096417501568794250e-02,3.929259479045867920e-01,-1.945922523736953735e-01
6.746477633714675903e-02,2.864503860473632812e-01,-2.121988087892532349e-01
3.008062578737735748e-02,2.885438501834869385e-01,-1.958797574043273926e-01
3.762186318635940552e-02,2.382172197103500366e-01,-2.372061461210250854e-01
5.737650021910667419e-02,2.991732358932495117e-01,-2.323145568370819092e-01
-6.394200026988983154e-03,2.392899841070175171e-01,-2.130031734704971313e-01
3.073997609317302704e-02,2.402504533529281616e-01,-2.187851071357727051e-01
8.536142855882644653e-02,3.107215762138366699e-01,-1.741379499435424805e-01
4.108769819140434265e-02,2.991413772106170654e-01,-2.111794054508209229e-01
-3.240026906132698059e-02,2.449309378862380981e-01,-1.888624131679534912e-01
4.412904009222984314e-02,2.990241050720214844e-01,-1.650238931179046631e-01
7.293138653039932251e-02,2.968658804893493652e-01,-2.003842592239379883e-01
3.274924308061599731e-02,3.222692012786865234e-01,-2.318457067012786865e-01
-2.413106709718704224e-02,2.663386464118957520e-01,-2.432734817266464233e-01
2.734128013253211975e-02,2.507998049259185791e-01,-2.294503450393676758e-01
-3.423038497567176819e-02,2.394186556339263916e-01,-1.862677335739135742e-01
3.882798925042152405e-02,2.719916105270385742e-01,-1.745068877935409546e-01
5.172530561685562134e-02,3.247422873973846436e-01,-1.713102310895919800e-01
-4.462309181690216064e-03,2.998277246952056885e-01,-2.560825943946838379e-01
4.680034145712852478e-02,2.865179181098937988e-01,-2.474268376827239990e-01
7.786931470036506653e-03,2.365264743566513062e-01,-1.870404183864593506e-01
-5.432189628481864929e-02,2.142732590436935425e-01,-2.752194106578826904e-01
2.471778355538845062e-02,2.651599645614624023e-01,-1.773227453231811523e-01
-2.304361574351787567e-02,2.468892484903335571e-01,-1.998479068279266357e-01
1.554658636450767517e-02,2.482588440179824829e-01,-2.375514805316925049e-01
-3.208499029278755188e-02,2.201968878507614136e-01,-1.974975913763046265e-01
5.022291466593742371e-02,2.609201073646545410e-01,-2.115251868963241577e-01
2.560951374471187592e-02,2.341716736555099487e-01,-2.123918384313583374e-01
1.846632221713662148e-03,2.253315150737762451e-01,-2.034653127193450928e-01
4.127519577741622925e-02,2.587819099426269531e-01,-2.120967507362365723e-01
1.236910186707973480e-02,2.804169654846191406e-01,-2.143226712942123413e-01
-3.448097407817840576e-02,2.483591139316558838e-01,-2.265732884407043457e-01
2.257243171334266663e-02,3.266895115375518799e-01,-1.637109518051147461e-01
6.058407947421073914e-03,2.501074671745300293e-01,-2.317090481519699097e-01
-3.102271817624568939e-02,2.761802971363067627e-01,-2.710263133049011230e-01
4.363165795803070068e-02,2.708734869956970215e-01,-2.194967269897460938e-01
8.138353005051612854e-03,2.607330977916717529e-01,-2.334527224302291870e-01
2.478143945336341858e-02,2.973412871360778809e-01,-1.894170045852661133e-01
-8.944606408476829529e-03,2.301995903253555298e-01,-2.385056167840957642e-01
2.902823872864246368e-02,3.405007123947143555e-01,-2.774547636508941650e-01
6.600900087505578995e-04,2.529537677764892578e-01,-2.103956490755081177e-01
1.494175381958484650e-02,2.926829159259796143e-01,-2.200724631547927856e-01
1.272260956466197968e-02,2.430230081081390381e-01,-2.772428095340728760e-01
6.718553602695465088e-02,2.916137874126434326e-01,-2.058611810207366943e-01
5.920083448290824890e-02,3.047464489936828613e-01,-2.169418632984161377e-01
3.477625921368598938e-02,2.990430295467376709e-01,-2.480881512165069580e-01
-2.872949279844760895e-02,2.474518120288848877e-01,-2.462119609117507935e-01
7.893333584070205688e-02,3.296092450618743896e-01,-2.448529750108718872e-01
7.740875333547592163e-02,3.116966485977172852e-01,-2.152106165885925293e-01
2.470276132225990295e-02,2.756832242012023926e-01,-2.107292264699935913e-01
7.025936990976333618e-02,2.708666324615478516e-01,-2.515904009342193604e-01
3.847715258598327637e-02,2.982036173343658447e-01,-2.122380137443542480e-01
3.822227194905281067e-02,3.132266998291015625e-01,-1.875593662261962891e-01
3.766811266541481018e-02,3.090071678161621094e-01,-2.097432017326354980e-01
-5.285133607685565948e-03,2.692031264305114746e-01,-1.721100509166717529e-01
2.555144391953945160e-02,2.517551779747009277e-01,-2.368517965078353882e-01
-4.311429336667060852e-03,3.147281110286712646e-01,-1.574806571006774902e-01
5.953589454293251038e-02,2.965908646583557129e-01,-2.084057033061981201e-01
-3.233886510133743286e-02,2.710646688938140869e-01,-1.917651146650314331e-01
-1.269446685910224915e-02,2.835247218608856201e-01,-1.509622186422348022e-01
9.725229814648628235e-03,3.105848431587219238e-01,-2.287601530551910400e-01
-4.663040861487388611e-02,2.602145075798034668e-01,-2.086042016744613647e-01
2.598130144178867340e-02,2.755178511142730713e-01,-1.696579903364181519e-01
1.761153154075145721e-02,2.324102371931076050e-01,-2.503785192966461182e-01
5.005210638046264648e-02,2.847278118133544922e-01,-2.045645117759704590e-01
4.250049591064453125e-03,2.552085220813751221e-01,-1.690302342176437378e-01
-4.578592255711555481e-03,3.070892393589019775e-01,-1.996951997280120850e-01
3.265202417969703674e-02,3.076909184455871582e-01,-2.314273118972778320e-01
5.040935054421424866e-02,2.812966108322143555e-01,-1.963297128677368164e-01
-1.417103037238121033e-02,2.652316093444824219e-01,-2.290898561477661133e-01
2.675685845315456390e-02,2.827486097812652588e-01,-2.187866270542144775e-01
2.702407538890838623e-02,2.658845484256744385e-01,-2.080023586750030518e-01
7.496864348649978638e-02,2.704100906848907471e-01,-2.008797824382781982e-01
5.429899320006370544e-02,2.804998457431793213e-01,-2.296875268220901489e-01
-3.028774447739124298e-02,2.238757163286209106e-01,-1.690812408924102783e-01
1.508950628340244293e-02,2.266898006200790405e-01,-2.118286788463592529e-01
-6.820887792855501175e-04,2.891037464141845703e-01,-2.035559713840484619e-01
1.373421028256416321e-02,3.121733665466308594e-01,-1.678462922573089600e-01
4.745032265782356262e-02,2.701762020587921143e-01,-2.346156239509582520e-01
-2.464977093040943146e-02,2.890287041664123535e-01,-2.122063487768173218e-01
5.244412273168563843e-02,2.799161374568939209e-01,-2.449771165847778320e-01
-1.068256609141826630e-02,2.538440227508544922e-01,-2.591958940029144287e-01
7.797781378030776978e-02,2.770542204380035400e-01,-2.505996525287628174e-01
3.083868324756622314e-02,3.224153220653533936e-01,-2.259343266487121582e-01
7.225070148706436157e-02,2.811804413795471191e-01,-2.090717554092407227e-01
1.682811044156551361e-02,2.500610053539276123e-01,-2.162277996540069580e-01
-2.124595828354358673e-02,2.564289867877960205e-01,-1.857794672250747681e-01
-2.789972117170691490e-03,2.624261081218719482e-01,-2.266724258661270142e-01
5.991060659289360046e-02,2.879037857055664062e-01,-2.072484046220779419e-01
-9.860610589385032654e-03,2.452683150768280029e-01,-2.285545915365219116e-01
1.193974725902080536e-02,2.597306966781616211e-01,-1.884207278490066528e-01
4.125478863716125488e-02,2.799277901649475098e-01,-2.174834460020065308e-01
5.406750366091728210e-02,3.321661651134490967e-01,-1.930027902126312256e-01
4.966346174478530884e-02,2.875539660453796387e-01,-2.227349877357482910e-01
-1.073615625500679016e-02,2.430068254470825195e-01,-2.271206229925155640e-01
6.831610202789306641e-02,3.155971169471740723e-01,-1.423956602811813354e-01
1.436201669275760651e-02,3.127914965152740479e-01,-2.414140105247497559e-01
2.033654786646366119e-02,2.845649421215057373e-01,-2.046184837818145752e-01
-4.410758987069129944e-02,2.796265780925750732e-01,-2.160047441720962524e-01
6.295412778854370117e-02,2.897719144821166992e-01,-1.960076838731765747e-01
-4.401689395308494568e-03,2.448056489229202271e-01,-2.247077226638793945e-01
4.325504228472709656e-02,3.059913218021392822e-01,-2.389846444129943848e-01
-1.698230393230915070e-02,2.851947546005249023e-01,-2.045644074678421021e-01
2.378998557105660439e-03,2.462957352399826050e-01,-1.812538057565689087e-01
3.088966943323612213e-02,3.006649911403656006e-01,-1.879664808511734009e-01
1.356783229857683182e-02,2.922742664813995361e-01,-2.118010520935058594e-01
3.002379462122917175e-02,3.007127046585083008e-01,-2.785525023937225342e-01
2.269743569195270538e-02,2.695628702640533447e-01,-1.909086406230926514e-01
2.238112874329090118e-02,2.972340285778045654e-01,-2.547375261783599854e-01
4.077956080436706543e-02,3.106574416160583496e-01,-2.063252031803131104e-01
2.886275760829448700e-02,2.869717180728912354e-01,-1.836979091167449951e-01
3.168391063809394836e-02,2.756965756416320801e-01,-1.998593658208847046e-01
-1.754109933972358704e-02,2.489987760782241821e-01,-1.880271881818771362e-01
8.154774457216262817e-02,3.684965968132019043e-01,-1.944632977247238159e-01
2.183683216571807861e-02,2.662541270256042480e-01,-1.871834099292755127e-01
1.978807523846626282e-02,2.683900594711303711e-01,-1.955444365739822388e-01
2.335814200341701508e-02,2.939422130584716797e-01,-2.164634317159652710e-01
5.878481641411781311e-02,3.036513030529022217e-01,-2.022750675678253174e-01
-3.704538568854331970e-02,2.509533166885375977e-01,-2.184727936983108521e-01
8.621340617537498474e-03,2.448662519454956055e-01,-2.237628251314163208e-01
-2.369792200624942780e-02,2.585077583789825439e-01,-2.121357321739196777e-01
5.345636233687400818e-02,2.722731232643127441e-01,-2.216582596302032471e-01
-5.839977785944938660e-02,2.502641379833221436e-01,-1.869153976440429688e-01
7.389580830931663513e-03,3.056445717811584473e-01,-2.394533157348632812e-01
2.489219419658184052e-02,3.034870922565460205e-01,-2.177320867776870728e-01
5.791407451033592224e-02,2.983497679233551025e-01,-2.062821090221405029e-01
2.361772768199443817e-02,2.482976019382476807e-01,-2.509955167770385742e-01
5.382896587252616882e-02,3.007032871246337891e-01,-1.867571920156478882e-01
-4.674837365746498108e-02,2.598312497138977051e-01,-1.900862008333206177e-01
4.515743255615234375e-02,2.875213623046875000e-01,-2.212385684251785278e-01
7.391131669282913208e-02,3.131792545318603516e-01,-2.020516544580459595e-01
2.820385061204433441e-02,3.465499579906463623e-01,-2.034379243850708008e-01
-2.064509876072406769e-02,2.495777606964111328e-01,-1.828580945730209351e-01
2.977721951901912689e-02,2.412633448839187622e-01,-2.225395143032073975e-01
4.945119842886924744e-02,2.810077071189880371e-01,-2.421926259994506836e-01
3.675447404384613037e-02,2.877667546272277832e-01,-1.968698352575302124e-01
3.992915153503417969e-02,2.955138385295867920e-01,-2.151973247528076172e-01
5.961273238062858582e-02,3.011218607425689697e-01,-2.047309279441833496e-01
8.892016485333442688e-03,2.944842875003814697e-01,-2.208002507686614990e-01
-2.056678524240851402e-03,2.681453227996826172e-01,-2.759640216827392578e-01
2.057777717709541321e-02,2.927760481834411621e-01,-2.510847151279449463e-01
6.069408729672431946e-02,3.026421368122100830e-01,-1.745888441801071167e-01
-3.068017773330211639e-02,2.750199437141418457e-01,-2.276288568973541260e-01
-1.952606067061424255e-02,2.609041035175323486e-01,-1.767270863056182861e-01
-2.306765876710414886e-02,2.441083192825317383e-01,-2.140118479728698730e-01
3.462245687842369080e-02,2.865924239158630371e-01,-1.852348893880844116e-01
2.419043891131877899e-02,2.653267979621887207e-01,-2.385197877883911133e-01
6.044647097587585449e-02,3.162720501422882080e-01,-1.853833198547363281e-01
2.878477610647678375e-02,2.849336564540863037e-01,-2.146110087633132935e-01
-8.195340633392333984e-03,2.599837183952331543e-01,-2.390579581260681152e-01
4.574230685830116272e-02,2.740564942359924316e-01,-2.099386602640151978e-01
4.338098689913749695e-03,2.593944072723388672e-01,-2.193947732448577881e-01
1.423900388181209564e-02,2.992598712444305420e-01,-2.141773104667663574e-01
5.745116248726844788e-02,3.449484109878540039e-01,-2.016137242317199707e-01
-1.122278627008199692e-04,2.528584897518157959e-01,-2.281942367553710938e-01
3.610607609152793884e-02,3.117509186267852783e-01,-2.114954143762588501e-01
3.562090219929814339e-03,2.952754795551300049e-01,-2.008087933063507080e-01
2.297013066709041595e-02,2.625421285629272461e-01,-2.359571605920791626e-01
4.663014784455299377e-03,2.765830159187316895e-01,-2.344667762517929077e-01
5.568389222025871277e-02,3.073414862155914307e-01,-2.098537832498550415e-01
-6.330876797437667847e-02,2.819528281688690186e-01,-2.015945017337799072e-01
6.289132684469223022e-02,3.000190854072570801e-01,-2.137212455272674561e-01
-4.107281193137168884e-02,2.489223331212997437e-01,-1.357182115316390991e-01
5.157713219523429871e-02,2.785977125167846680e-01,-2.485600262880325317e-01
2.506543509662151337e-02,2.941001057624816895e-01,-1.968204230070114136e-01
5.394029617309570312e-02,2.632254064083099365e-01,-2.191924601793289185e-01
-1.997142471373081207e-02,2.662681043148040771e-01,-1.937088072299957275e-01
-1.034732675179839134e-03,2.682834565639495850e-01,-1.939613670110702515e-01
-2.084573358297348022e-02,2.620496153831481934e-01,-1.841866225004196167e-01
1.482799090445041656e-02,2.631761431694030762e-01,-2.083195447921752930e-01
-7.727745920419692993e-02,2.880270481109619141e-01,-1.875058859586715698e-01
3.852515295147895813e-02,3.178396821022033691e-01,-1.898371726274490356e-01
2.518285997211933136e-02,2.736019492149353027e-01,-2.346557974815368652e-01
-1.493397541344165802e-02,2.928110063076019287e-01,-1.884814947843551636e-01
4.866696149110794067e-02,3.012390434741973877e-01,-2.464585304260253906e-01
2.399166114628314972e-02,3.075188100337982178e-01,-2.003583908081054688e-01
3.040895424783229828e-02,2.678349614143371582e-01,-2.405500262975692749e-01
5.273089930415153503e-02,2.860481142997741699e-01,-1.882688850164413452e-01
2.874874696135520935e-02,2.672913968563079834e-01,-2.671315670013427734e-01
2.305513434112071991e-02,2.800484001636505127e-01,-2.344656288623809814e-01
2.500664442777633667e-02,2.702053189277648926e-01,-1.945574730634689331e-01
2.464593946933746338e-02,3.146932721138000488e-01,-2.441984415054321289e-01
4.242188110947608948e-02,3.093232512474060059e-01,-2.104726731777191162e-01
7.774703949689865112e-02,2.782083153724670410e-01,-2.265590727329254150e-01
9.271983057260513306e-02,2.944909036159515381e-01,-2.219289392232894897e-01
-4.800634458661079407e-02,3.030219972133636475e-01,-1.648293733596801758e-01
2.496255002915859222e-02,2.475854456424713135e-01,-2.908607721328735352e-01
-1.051293220371007919e-04,2.871707379817962646e-01,-1.573368757963180542e-01
-7.730940356850624084e-03,2.331359237432479858e-01,-2.443078011274337769e-01
-4.785817861557006836e-02,2.764992117881774902e-01,-1.523625254631042480e-01
7.472953945398330688e-02,3.140614330768585205e-01,-2.128532826900482178e-01
8.136431127786636353e-02,2.934497892856597900e-01,-2.040515691041946411e-01
3.893487527966499329e-02,2.780362367630004883e-01,-2.049214094877243042e-01
3.124671615660190582e-02,2.464135885238647461e-01,-2.491036653518676758e-01
7.348138839006423950e-02,2.990768253803253174e-01,-2.154028713703155518e-01
-1.253873854875564575e-02,2.953546345233917236e-01,-1.736197620630264282e-01
2.085846848785877228e-02,3.109857738018035889e-01,-2.461906969547271729e-01
4.092239961028099060e-02,2.754220068454742432e-01,-1.805788129568099976e-01
4.969069734215736389e-02,2.487883865833282471e-01,-2.435820400714874268e-01
5.821729823946952820e-02,3.187689483165740967e-01,-2.122620791196823120e-01
-7.400538772344589233e-03,2.806251645088195801e-01,-1.903298795223236084e-01
9.544780477881431580e-03,2.906253635883331299e-01,-2.113749384880065918e-01
3.732784837484359741e-02,3.002490103244781494e-01,-2.051568031311035156e-01
3.831018880009651184e-02,3.169414401054382324e-01,-1.765909343957901001e-01
3.246838459745049477e-03,2.212449610233306885e-01,-2.500714957714080811e-01
-8.715201169252395630e-03,2.883217632770538330e-01,-2.460528314113616943e-01
1.707792282104492188e-02,2.146627902984619141e-01,-2.049512416124343872e-01
2.879790775477886200e-02,2.906050682067871094e-01,-2.290617972612380981e-01
-1.883668825030326843e-02,2.542800307273864746e-01,-2.756243050098419189e-01
3.112723492085933685e-02,2.869874238967895508e-01,-2.287068665027618408e-01
1.498880051076412201e-02,2.906893789768218994e-01,-2.684624791145324707e-01
8.501868695020675659e-02,3.167062401771545410e-01,-1.633431017398834229e-01
2.478953450918197632e-02,2.552459836006164551e-01,-2.105322629213333130e-01
2.444897219538688660e-02,2.971362173557281494e-01,-2.384360134601593018e-01
-1.835723035037517548e-02,2.484406530857086182e-01,-2.305685877799987793e-01
-7.318478822708129883e-02,2.385138124227523804e-01,-2.053951174020767212e-01
1.678767148405313492e-04,2.700139284133911133e-01,-1.990750581026077271e-01
1.225902140140533447e-02,2.347676753997802734e-01,-2.433977276086807251e-01
-9.910741355270147324e-04,2.760277092456817627e-01,-2.485297620296478271e-01
3.394576162099838257e-02,2.444459944963455200e-01,-2.305443882942199707e-01
5.207877606153488159e-02,2.888872921466827393e-01,-2.484105527400970459e-01
-4.212584719061851501e-02,2.748775184154510498e-01,-2.077694982290267944e-01
1.399934105575084686e-02,3.261441886425018311e-01,-1.505989134311676025e-01
6.493284553289413452e-02,2.954072356224060059e-01,-2.073633521795272827e-01
4.718208685517311096e-03,2.709041833877563477e-01,-2.026044875383377075e-01
3.837056457996368408e-02,2.633982896804809570e-01,-2.360028624534606934e-01
5.963146314024925232e-02,2.830553352832794189e-01,-2.405359148979187012e-01
-3.346150368452072144e-02,2.819503247737884521e-01,-1.955472528934478760e-01
1.976798288524150848e-02,2.956051528453826904e-01,-2.101611196994781494e-01
3.598510101437568665e-02,2.963032126426696777e-01,-2.587052583694458008e-01
-5.148969218134880066e-02,2.594501376152038574e-01,-1.696350425481796265e-01
5.710741132497787476e-02,2.752861082553863525e-01,-2.188502848148345947e-01
-8.214204572141170502e-03,2.696934938430786133e-01,-2.183773517608642578e-01
2.067628502845764160e-02,2.801748216152191162e-01,-2.347163259983062744e-01
2.754800254479050636e-03,2.534680068492889404e-01,-2.665792405605316162e-01
-1.154356077313423157e-02,2.973257005214691162e-01,-2.493190914392471313e-01
5.295930430293083191e-02,2.925121188163757324e-01,-2.023594975471496582e-01
-1.652713119983673096e-02,2.610211670398712158e-01,-1.635756194591522217e-01
-4.917813464999198914e-03,2.876207530498504639e-01,-1.910764575004577637e-01
-1.659016869962215424e-02,2.728535532951354980e-01,-1.727655380964279175e-01
-4.748082906007766724e-02,2.492398768663406372e-01,-2.329719960689544678e-01
8.704984188079833984e-02,2.822648286819458008e-01,-1.915457993745803833e-01
5.883369594812393188e-02,3.187025487422943115e-01,-1.793935894966125488e-01
2.306915260851383209e-02,2.835826575756072998e-01,-2.249742001295089722e-01
-3.735644044354557991e-03,2.773913145065307617e-01,-1.815697103738784790e-01
2.516694599762558937e-03,2.909251153469085693e-01,-2.298982441425323486e-01
1.995567232370376587e-02,2.582721114158630371e-01,-2.207254320383071899e-01
3.261739620938897133e-03,2.856398820877075195e-01,-2.492668777704238892e-01
1.688663475215435028e-02,2.752278745174407959e-01,-2.054452300071716309e-01
4.974670708179473877e-02,2.659754455089569092e-01,-2.115705758333206177e-01
1.416458748281002045e-02,2.356076985597610474e-01,-2.066413164138793945e-01
-6.831810809671878815e-03,2.704205811023712158e-01,-1.881878077983856201e-01
2.151923254132270813e-02,3.045298457145690918e-01,-2.383775562047958374e-01
2.663158113136887550e-03,2.857472002506256104e-01,-2.413237094879150391e-01
7.318863645195960999e-03,2.890735864639282227e-01,-2.012856304645538330e-01
6.582985073328018188e-02,2.869678139686584473e-01,-2.145898193120956421e-01
-2.197463065385818481e-02,2.905947864055633545e-01,-1.477237641811370850e-01
2.981859445571899414e-02,3.199625909328460693e-01,-2.116480171680450439e-01
1.896947436034679413e-02,2.544182538986206055e-01,-1.879211068153381348e-01
4.513928666710853577e-03,2.714054584503173828e-01,-2.232987582683563232e-01
3.181887418031692505e-02,2.828610837459564209e-01,-2.141092419624328613e-01
-1.019200757145881653e-01,2.346516102552413940e-01,-1.532714217901229858e-01
3.959434106945991516e-02,2.557287812232971191e-01,-2.496540546417236328e-01
1.006715930998325348e-02,2.937631011009216309e-01,-2.123918831348419189e-01
5.975821986794471741e-02,3.109593093395233154e-01,-1.667282879352569580e-01
4.485415294766426086e-03,2.604519426822662354e-01,-1.694346219301223755e-01
-3.903576871380209923e-03,2.758979201316833496e-01,-2.641789615154266357e-01
3.293114015832543373e-03,2.591199278831481934e-01,-1.996598243713378906e-01
1.534456759691238403e-02,2.395779788494110107e-01,-2.335976809263229370e-01
-2.575845830142498016e-02,2.358531653881072998e-01,-1.943752467632293701e-01
7.734170649200677872e-04,2.754038870334625244e-01,-2.575610578060150146e-01
8.697804063558578491e-03,2.700746655464172363e-01,-2.453469634056091309e-01
1.226179115474224091e-02,2.765012681484222412e-01,-1.974535584449768066e-01
9.775686264038085938e-02,3.053415715694427490e-01,-2.097629755735397339e-01
-3.373496932908892632e-03,2.871952056884765625e-01,-1.800429522991180420e-01
5.448430404067039490e-02,2.885732054710388184e-01,-1.820334792137145996e-01
-4.220635071396827698e-02,2.573078572750091553e-01,-2.648999392986297607e-01
5.323534831404685974e-02,2.345238476991653442e-01,-2.480995059013366699e-01
3.398577496409416199e-02,3.173696994781494141e-01,-2.115516513586044312e-01
6.332977209240198135e-04,3.112169504165649414e-01,-1.828305423259735107e-01
5.506433919072151184e-02,2.927229702472686768e-01,-2.033945173025131226e-01
3.560621524229645729e-03,2.537607550621032715e-01,-2.402162849903106689e-01
-2.488381043076515198e-02,2.694174349308013916e-01,-2.591863274574279785e-01
-5.454339459538459778e-02,2.434059977531433105e-01,-1.733884215354919434e-01
4.003807529807090759e-02,2.090130001306533813e-01,-1.276119053363800049e-01
2.436063811182975769e-02,2.873303592205047607e-01,-2.491778582334518433e-01
5.156297609210014343e-02,2.793208062648773193e-01,-1.986428648233413696e-01
-5.186907947063446045e-03,2.754176855087280273e-01,-2.165083587169647217e-01
4.832208529114723206e-02,3.032269477844238281e-01,-2.368426620960235596e-01
6.071725860238075256e-02,2.753500640392303467e-01,-2.257518023252487183e-01
-5.037287250161170959e-02,2.481448203325271606e-01,-1.873135864734649658e-01
-3.043068386614322662e-02,2.772790491580963135e-01,-2.126605361700057983e-01
2.276044152677059174e-02,2.999818325042724609e-01,-2.503612339496612549e-01
-3.720244020223617554e-02,2.554743289947509766e-01,-2.451630532741546631e-01
1.802384667098522186e-02,2.571076452732086182e-01,-1.585210710763931274e-01
-4.432487115263938904e-02,2.890391945838928223e-01,-2.081821709871292114e-01
1.177803240716457367e-02,2.722938656806945801e-01,-1.879464685916900635e-01
-2.551427297294139862e-02,2.722071409225463867e-01,-2.005626708269119263e-01
1.930287294089794159e-02,3.017269670963287354e-01,-2.222116142511367798e-01
2.955219009891152382e-03,2.613904178142547607e-01,-2.435190826654434204e-01
3.998946771025657654e-02,2.842433750629425049e-01,-2.034275084733963013e-01
2.479790151119232178e-02,2.803030610084533691e-01,-1.944205164909362793e-01
5.678103491663932800e-02,2.807223200798034668e-01,-1.865497678518295288e-01
-1.262461021542549133e-02,2.742358148097991943e-01,-2.399152964353561401e-01
4.396958276629447937e-03,2.842310965061187744e-01,-2.344176322221755981e-01
3.335663303732872009e-02,2.771665155887603760e-01,-2.184044271707534790e-01
5.207392200827598572e-02,2.980335652828216553e-01,-1.890758275985717773e-01
1.138912700116634369e-02,2.811916470527648926e-01,-2.351048737764358521e-01
-3.737716004252433777e-02,2.235342115163803101e-01,-2.001458108425140381e-01
3.993144258856773376e-02,3.213464617729187012e-01,-1.896304488182067871e-01
6.219901889562606812e-02,2.697196006774902344e-01,-2.093511819839477539e-01
3.347512707114219666e-02,2.886920273303985596e-01,-2.430328130722045898e-01
5.183795467019081116e-02,2.896794974803924561e-01,-1.584490239620208740e-01
1.555011793971061707e-02,3.112643957138061523e-01,-2.810413539409637451e-01
6.903069466352462769e-02,2.840515077114105225e-01,-2.496519982814788818e-01
6.424940377473831177e-02,2.693178355693817139e-01,-2.720176577568054199e-01
5.611532554030418396e-02,3.199175298213958740e-01,-1.787822246551513672e-01
2.389180101454257965e-02,2.774944305419921875e-01,-2.053315639495849609e-01
2.129797637462615967e-02,2.853499054908752441e-01,-2.281018495559692383e-01
8.156008273363113403e-02,2.666643857955932617e-01,-2.577275335788726807e-01
-3.837493946775794029e-03,2.773390114307403564e-01,-2.415527254343032837e-01
2.789730019867420197e-02,2.844823300838470459e-01,-1.886623501777648926e-01
3.771052509546279907e-02,2.884178757667541504e-01,-2.005207091569900513e-01
1.628590980544686317e-03,2.517940998077392578e-01,-2.590687870979309082e-01
-2.174697583541274071e-03,2.724002599716186523e-01,-1.572994589805603027e-01
-3.635344281792640686e-02,2.610135674476623535e-01,-1.918254643678665161e-01
-1.977299153804779053e-02,2.895300090312957764e-01,-1.649165302515029907e-01
4.582236707210540771e-02,3.119980096817016602e-01,-1.997933983802795410e-01
6.801808625459671021e-02,2.971167862415313721e-01,-2.077101469039916992e-01
5.668640136718750000e-03,3.012566864490509033e-01,-2.038313746452331543e-01
6.044594570994377136e-03,2.634883224964141846e-01,-2.016956657171249390e-01
3.820648416876792908e-02,2.432086765766143799e-01,-2.234985977411270142e-01
4.612860828638076782e-02,2.828925251960754395e-01,-1.916447877883911133e-01
2.151986025273799896e-02,2.809012234210968018e-01,-2.238890826702117920e-01
-4.543865099549293518e-03,2.468666732311248779e-01,-2.150013893842697144e-01
2.926799468696117401e-02,2.572146356105804443e-01,-2.558683753013610840e-01
2.197105810046195984e-02,2.887793183326721191e-01,-1.681423932313919067e-01
4.896501079201698303e-02,3.313783705234527588e-01,-1.934166997671127319e-01
3.503863885998725891e-02,2.900283634662628174e-01,-2.057502567768096924e-01
4.438826814293861389e-02,3.301950693130493164e-01,-2.109684646129608154e-01
-1.353059057146310806e-02,2.675921022891998291e-01,-1.844610422849655151e-01
2.577542141079902649e-02,2.760367989540100098e-01,-2.108823657035827637e-01
-4.882952198386192322e-03,2.949835658073425293e-01,-2.243088930845260620e-01
-8.861086517572402954e-02,2.915554046630859375e-01,-1.709688305854797363e-01
1.477572880685329437e-02,2.520459294319152832e-01,-2.182057499885559082e-01
2.349582873284816742e-02,2.954877912998199463e-01,-2.227634489536285400e-01
4.325490444898605347e-02,3.131120502948760986e-01,-1.957842260599136353e-01
7.363214343786239624e-02,2.902341485023498535e-01,-1.886717528104782104e-01
-1.152532920241355896e-02,2.463475167751312256e-01,-1.771155446767807007e-01
1.607047580182552338e-02,2.168370187282562256e-01,-2.524697780609130859e-01
-3.500844910740852356e-02,2.084664702415466309e-01,-2.259959727525711060e-01
3.775392845273017883e-02,2.868287861347198486e-01,-2.323935031890869141e-01
-2.682134136557579041e-02,3.460882008075714111e-01,-2.266555726528167725e-01
1.334806345403194427e-02,2.859402894973754883e-01,-1.656760573387145996e-01
2.836986817419528961e-02,2.820520102977752686e-01,-1.815530359745025635e-01
-3.313457360491156578e-03,2.543531656265258789e-01,-2.324064522981643677e-01
-2.182421740144491196e-04,2.379622757434844971e-01,-1.788380891084671021e-01
4.375881329178810120e-02,2.686032354831695557e-01,-2.305063307285308838e-01
1.879343204200267792e-02,2.617639601230621338e-01,-2.046730220317840576e-01
8.788674324750900269e-02,2.893681824207305908e-01,-1.717909276485443115e-01
1.791667379438877106e-02,2.659280300140380859e-01,-2.172151952981948853e-01
2.545370534062385559e-02,3.167304396629333496e-01,-2.253980785608291626e-01
-3.011135943233966827e-02,2.623464465141296387e-01,-1.951040029525756836e-01
-8.895962499082088470e-03,2.656592428684234619e-01,-1.904693394899368286e-01
-9.497448336333036423e-04,2.792457044124603271e-01,-1.955650448799133301e-01
-3.042020089924335480e-02,3.072248101234436035e-01,-2.004876583814620972e-01
-2.382090315222740173e-06,2.565054297447204590e-01,-1.750708967447280884e-01
3.539645299315452576e-02,2.871356904506683350e-01,-2.344619184732437134e-01
2.156073413789272308e-02,2.611536681652069092e-01,-2.235684841871261597e-01
-8.408106118440628052e-02,2.554457187652587891e-01,-2.006134539842605591e-01
-1.426279097795486450e-01,1.974102705717086792e-01,-2.494765371084213257e-01
4.300376400351524353e-03,2.390957176685333252e-01,-2.405767440795898438e-01
1.099814660847187042e-02,2.756050825119018555e-01,-2.185599654912948608e-01
