1.680896803736686707e-02,2.897479236125946045e-01,-2.566567063331604004e-01
5.131862312555313110e-02,3.035950958728790283e-01,-2.514912784099578857e-01
1.514926739037036896e-02,2.708756625652313232e-01,-2.298667430877685547e-01
3.456630557775497437e-02,2.831446528434753418e-01,-1.713631302118301392e-01
5.756466463208198547e-02,2.999730110168457031e-01,-2.366530895233154297e-01
3.584595769643783569e-02,2.744598686695098877e-01,-2.101471424102783203e-01
-1.523741520941257477e-02,2.930911481380462646e-01,-1.846364289522171021e-01
-2.663222886621952057e-02,2.811828851699829102e-01,-2.580264508724212646e-01
4.903156682848930359e-02,2.850886881351470947e-01,-2.749376595020294189e-01
3.709360584616661072e-02,2.547964751720428467e-01,-2.638524472713470459e-01
-9.841013699769973755e-02,2.485439479351043701e-01,-2.316728234291076660e-01
-3.660455346107482910e-02,2.151779681444168091e-01,-2.091876417398452759e-01
3.296105563640594482e-02,3.224913775920867920e-01,-2.152679860591888428e-01
3.884712234139442444e-02,2.493991851806640625e-01,-2.126221954822540283e-01
2.517391927540302277e-02,2.789140045642852783e-01,-2.517183721065521240e-01
-6.536663323640823364e-02,2.502303719520568848e-01,-1.629992425441741943e-01
4.380486905574798584e-03,2.373690009117126465e-01,-2.427665293216705322e-01
2.639682218432426453e-02,2.887843251228332520e-01,-2.540966570377349854e-01
-2.831992693245410919e-02,2.097294628620147705e-01,-2.258006930351257324e-01
-1.810558140277862549e-02,1.757715940475463867e-01,-2.288695424795150757e-01
4.904842749238014221e-02,3.017348945140838623e-01,-2.456493973731994629e-01
2.857713773846626282e-02,2.490490227937698364e-01,-1.871747076511383057e-01
-4.635794460773468018e-02,2.251187562942504883e-01,-2.284774631261825562e-01
3.869299218058586121e-02,2.613856792449951172e-01,-2.421735674142837524e-01
5.412019789218902588e-02,2.867337465286254883e-01,-2.462790310382843018e-01
6.111557781696319580e-02,2.426955401897430420e-01,-2.399362027645111084e-01
1.583023741841316223e-02,3.027732372283935547e-01,-2.345240563154220581e-01
-3.616344556212425232e-02,2.605868875980377197e-01,-2.236452400684356689e-01
3.898028656840324402e-02,2.659631669521331787e-01,-2.627023160457611084e-01
1.855096966028213501e-02,2.820525765419006348e-01,-1.767159253358840942e-01
-1.222315616905689240e-02,2.803095281124114990e-01,-2.591549158096313477e-01
-3.572516143321990967e-02,2.189429253339767456e-01,-2.000479698181152344e-01
4.078996554017066956e-02,3.115293383598327637e-01,-2.062370330095291138e-01
3.838033601641654968e-02,2.977378368377685547e-01,-1.557731628417968750e-01
8.374800533056259155e-02,2.901542484760284424e-01,-2.501556873321533203e-01
-2.135697938501834869e-02,2.709782123565673828e-01,-2.086715847253799438e-01
-6.123738363385200500e-02,2.151858210563659668e-01,-1.749626845121383667e-01
5.049297586083412170e-02,2.717137634754180908e-01,-2.292677462100982666e-01
3.394640237092971802e-02,2.472396641969680786e-01,-2.142213135957717896e-01
5.926927551627159119e-03,2.681406736373901367e-01,-2.134409397840499878e-01
2.213617227971553802e-02,2.299029529094696045e-01,-2.231006920337677002e-01
3.863958874717354774e-03,2.581987977027893066e-01,-2.223655283451080322e-01
-1.843351311981678009e-02,2.785561084747314453e-01,-1.984028220176696777e-01
6.162811070680618286e-03,2.688103616237640381e-01,-2.242469638586044312e-01
2.562325820326805115e-02,2.533123493194580078e-01,-2.354057282209396362e-01
4.862472042441368103e-02,3.037513494491577148e-01,-2.108473628759384155e-01
7.510843127965927124e-02,2.825798094272613525e-01,-2.082584500312805176e-01
3.702207654714584351e-02,2.820797860622406006e-01,-1.987124532461166382e-01
-1.414858922362327576e-02,2.623548507690429688e-01,-1.801878809928894043e-01
2.912440709769725800e-02,3.142003417015075684e-01,-1.950233131647109985e-01
4.283660650253295898e-02,3.227104544639587402e-01,-1.537552773952484131e-01
-1.191243901848793030e-02,2.698944807052612305e-01,-2.102740854024887085e-01
4.015241190791130066e-02,3.571015596389770508e-01,-1.472718566656112671e-01
1.295596547424793243e-02,2.834009528160095215e-01,-2.087522894144058228e-01
3.448174148797988892e-02,2.871121764183044434e-01,-1.614832133054733276e-01
-6.150534376502037048e-03,2.451044023036956787e-01,-2.326418310403823853e-01
1.582335494458675385e-02,2.294173091650009155e-01,-2.847701907157897949e-01
4.222795367240905762e-03,2.489862442016601562e-01,-2.172845900058746338e-01
-6.540048867464065552e-03,2.374063134193420410e-01,-1.822193711996078491e-01
1.219954434782266617e-02,2.916951477527618408e-01,-1.973616182804107666e-01
6.413949653506278992e-03,2.649260461330413818e-01,-2.124909907579421997e-01
2.471503056585788727e-02,3.030829727649688721e-01,-2.111609280109405518e-01
4.995167627930641174e-02,2.970373034477233887e-01,-2.245782464742660522e-01
4.841860756278038025e-02,2.757973372936248779e-01,-2.252341210842132568e-01
8.350696414709091187e-03,2.810264825820922852e-01,-2.394161522388458252e-01
6.283561140298843384e-02,3.139645755290985107e-01,-1.952192783355712891e-01
6.263156235218048096e-02,2.671291530132293701e-01,-1.932890415191650391e-01
4.345901310443878174e-03,2.426230907440185547e-01,-1.850025057792663574e-01
3.534018620848655701e-02,3.069903850555419922e-01,-2.244655191898345947e-01
3.134088218212127686e-02,3.071093261241912842e-01,-2.119410783052444458e-01
8.518675342202186584e-03,3.114748597145080566e-01,-1.859095394611358643e-01
-1.565829291939735413e-02,2.592464983463287354e-01,-1.634902358055114746e-01
1.111865788698196411e-02,2.304399162530899048e-01,-2.213875800371170044e-01
-2.907201834022998810e-02,2.494952827692031860e-01,-2.121567726135253906e-01
-2.159649692475795746e-02,2.319650948047637939e-01,-2.721758186817169189e-01
-4.841003939509391785e-02,2.450622767210006714e-01,-2.154490649700164795e-01
-5.603268370032310486e-02,2.472276240587234497e-01,-2.198146134614944458e-01
6.302061676979064941e-02,2.923077046871185303e-01,-2.088435739278793335e-01
-3.918968513607978821e-02,2.588206827640533447e-01,-1.554627716541290283e-01
2.055016579106450081e-03,2.684762775897979736e-01,-1.801010370254516602e-01
6.346460431814193726e-02,3.242931962013244629e-01,-1.937859803438186646e-01
4.531087353825569153e-02,2.812148332595825195e-01,-2.466669082641601562e-01
4.716389626264572144e-02,2.911827862262725830e-01,-2.192043066024780273e-01
2.859343029558658600e-02,2.639548480510711670e-01,-1.831562221050262451e-01
5.484253913164138794e-02,2.785403132438659668e-01,-2.401934117078781128e-01
3.543819859623908997e-02,3.128685653209686279e-01,-2.082716524600982666e-01
-5.123163014650344849e-02,2.446797937154769897e-01,-2.240822315216064453e-01
6.318158470094203949e-03,2.759653329849243164e-01,-2.510657310485839844e-01
2.840915508568286896e-02,2.641308605670928955e-01,-2.213094234466552734e-01
-7.974877953529357910e-02,1.946482807397842407e-01,-1.870118528604507446e-01
2.342278696596622467e-02,2.820451557636260986e-01,-2.501201927661895752e-01
9.999854490160942078e-03,2.660091519355773926e-01,-2.374023199081420898e-01
5.229561403393745422e-02,2.752664685249328613e-01,-2.108661979436874390e-01
8.648408204317092896e-02,2.957004904747009277e-01,-1.791632771492004395e-01
3.137934580445289612e-02,2.821464240550994873e-01,-2.259963154792785645e-01
5.566271394491195679e-02,2.830727994441986084e-01,-2.459404468536376953e-01
-2.636875398457050323e-02,2.903306186199188232e-01,-2.797819077968597412e-01
-1.115051796659827232e-03,2.999276220798492432e-01,-2.349388599395751953e-01
-2.342074876651167870e-03,2.472644597291946411e-01,-2.646675705909729004e-01
1.304140873253345490e-02,2.574633657932281494e-01,-2.326364070177078247e-01
2.530197612941265106e-02,2.378837615251541138e-01,-2.268295735120773315e-01
2.371214330196380615e-02,2.395422160625457764e-01,-2.591527998447418213e-01
3.101440332829952240e-02,2.593666613101959229e-01,-2.332184314727783203e-01
2.637716196477413177e-02,3.013202846050262451e-01,-2.420740574598312378e-01
1.494927564635872841e-03,2.942747175693511963e-01,-2.449513971805572510e-01
-9.660219773650169373e-03,2.652680575847625732e-01,-1.758091151714324951e-01
-5.452540516853332520e-02,2.456001937389373779e-01,-1.650713980197906494e-01
-6.109233573079109192e-02,1.984678059816360474e-01,-2.830862998962402344e-01
-2.388144843280315399e-02,2.524649500846862793e-01,-2.269996702671051025e-01
2.562523074448108673e-02,2.565549015998840332e-01,-2.400308996438980103e-01
1.244265064597129822e-01,2.924411892890930176e-01,-2.224586308002471924e-01
-2.266914211213588715e-02,2.505263686180114746e-01,-2.274285256862640381e-01
3.252201899886131287e-02,2.882052958011627197e-01,-2.761004269123077393e-01
2.345405751839280128e-03,2.700380682945251465e-01,-2.476010471582412720e-01
3.261401876807212830e-02,3.395512402057647705e-01,-1.443229317665100098e-01
-1.229099929332733154e-02,2.674198448657989502e-01,-1.873632222414016724e-01
9.370449930429458618e-03,2.886225581169128418e-01,-2.109338045120239258e-01
5.781859159469604492e-03,2.879956364631652832e-01,-2.478563189506530762e-01
1.965129934251308441e-02,3.163238167762756348e-01,-2.267058640718460083e-01
5.688635632395744324e-03,2.657392024993896484e-01,-2.327595502138137817e-01
3.593439236283302307e-02,2.806684374809265137e-01,-1.878054589033126831e-01
-3.860348369926214218e-04,3.241325914859771729e-01,-2.224905490875244141e-01
-9.318089112639427185e-03,2.737019658088684082e-01,-2.215666025876998901e-01
-4.510215669870376587e-02,2.943322658538818359e-01,-2.030154466629028320e-01
6.502246484160423279e-03,2.936370968818664551e-01,-2.001226097345352173e-01
1.583751849830150604e-02,2.691935598850250244e-01,-1.862234771251678467e-01
7.170266658067703247e-02,3.090608119964599609e-01,-1.571753323078155518e-01
3.126347670331597328e-03,2.643731236457824707e-01,-2.589859962463378906e-01
2.492710947990417480e-02,3.017850220203399658e-01,-2.468101680278778076e-01
1.587453484535217285e-02,2.411717027425765991e-01,-2.223111987113952637e-01
6.325124204158782959e-02,2.851301729679107666e-01,-2.188181728124618530e-01
-1.628375612199306488e-02,2.531526684761047363e-01,-2.593756616115570068e-01
2.086094580590724945e-02,2.853702604770660400e-01,-2.687928974628448486e-01
2.119555510580539703e-02,3.178086578845977783e-01,-2.208284437656402588e-01
-1.834386494010686874e-04,2.886334061622619629e-01,-2.488624751567840576e-01
-5.468289926648139954e-02,2.554956078529357910e-01,-2.388646155595779419e-01
-6.823441013693809509e-03,2.725019156932830811e-01,-2.346380501985549927e-01
5.912648141384124756e-02,3.129748702049255371e-01,-2.037031054496765137e-01
1.601276546716690063e-02,2.603606879711151123e-01,-1.695184111595153809e-01
-5.995584651827812195e-03,2.694358825683593750e-01,-2.053824216127395630e-01
2.012516558170318604e-02,2.705157697200775146e-01,-2.005745172500610352e-01
-4.946425184607505798e-02,2.570956945419311523e-01,-1.831228137016296387e-01
1.973879523575305939e-02,2.484392970800399780e-01,-2.295853346586227417e-01
-9.254949539899826050e-02,2.182136327028274536e-01,-2.362055927515029907e-01
1.293659023940563202e-02,2.888053059577941895e-01,-2.431715428829193115e-01
2.212053723633289337e-02,2.962108254432678223e-01,-2.320801913738250732e-01
8.051417768001556396e-02,2.988468706607818604e-01,-1.784113347530364990e-01
2.950228191912174225e-02,2.655363380908966064e-01,-2.258096933364868164e-01
3.294255211949348450e-02,3.353710472583770752e-01,-1.346391588449478149e-01
-1.850321656093001366e-03,2.836348116397857666e-01,-2.329301536083221436e-01
8.725860714912414551e-02,2.758423388004302979e-01,-2.401441633701324463e-01
-2.459955401718616486e-02,2.504958510398864746e-01,-2.210699617862701416e-01
-1.107318997383117676e-01,2.816339433193206787e-01,-1.832327991724014282e-01
1.975574158132076263e-02,2.918889224529266357e-01,-2.231089621782302856e-01
-3.877986967563629150e-02,2.457198351621627808e-01,-2.099521905183792114e-01
-1.521420665085315704e-02,2.605005204677581787e-01,-1.361855566501617432e-01
2.966071479022502899e-02,3.057419955730438232e-01,-2.239693254232406616e-01
-2.163048600777983665e-03,3.376692533493041992e-01,-2.440164238214492798e-01
4.436351731419563293e-02,2.720442116260528564e-01,-2.181742638349533081e-01
-1.348978839814662933e-02,2.434646934270858765e-01,-2.196901440620422363e-01
2.821630798280239105e-02,3.037886023521423340e-01,-2.333577275276184082e-01
3.971778228878974915e-02,2.618026137351989746e-01,-2.176624238491058350e-01
6.877003237605094910e-03,2.989251613616943359e-01,-2.320932596921920776e-01
-9.958755224943161011e-03,2.967650890350341797e-01,-1.999966353178024292e-01
-4.170138016343116760e-02,2.706724405288696289e-01,-2.686037421226501465e-01
3.097399696707725525e-02,2.717127799987792969e-01,-2.089273184537887573e-01
2.032519690692424774e-02,2.533216476440429688e-01,-1.818850785493850708e-01
4.467800632119178772e-02,2.652284502983093262e-01,-1.462093144655227661e-01
-1.827252842485904694e-02,2.611891925334930420e-01,-2.087712436914443970e-01
-2.239690162241458893e-02,2.692502140998840332e-01,-1.693003177642822266e-01
6.718775629997253418e-02,2.862763106822967529e-01,-2.306734919548034668e-01
-3.207830479368567467e-03,2.705736756324768066e-01,-2.252328842878341675e-01
2.844755537807941437e-02,2.990844547748565674e-01,-2.085523754358291626e-01
5.309195443987846375e-02,3.002632856369018555e-01,-1.928415298461914062e-01
-1.654665358364582062e-02,2.886900007724761963e-01,-1.847110837697982788e-01
-1.860266318544745445e-03,2.566612958908081055e-01,-1.757227182388305664e-01
3.447924926877021790e-02,2.894320785999298096e-01,-2.675046622753143311e-01
3.463890030980110168e-02,2.637925148010253906e-01,-1.976870000362396240e-01
-1.010615192353725433e-02,2.344942092895507812e-01,-2.487098872661590576e-01
4.851987585425376892e-02,3.115761280059814453e-01,-1.774696856737136841e-01
5.216675624251365662e-02,2.910114526748657227e-01,-2.057966738939285278e-01
4.727776348590850830e-02,2.947793304920196533e-01,-2.344279289245605469e-01
-9.409114718437194824e-03,2.590709328651428223e-01,-2.681199610233306885e-01
5.109609663486480713e-02,3.361777663230895996e-01,-2.180915772914886475e-01
2.029569260776042938e-02,2.697294354438781738e-01,-2.005100846290588379e-01
-4.862127825617790222e-03,2.881030142307281494e-01,-1.713703423738479614e-01
5.594714730978012085e-02,2.656215727329254150e-01,-2.468462735414505005e-01
2.777996473014354706e-02,2.936562895774841309e-01,-1.951799094676971436e-01
-1.523000886663794518e-03,2.884174883365631104e-01,-2.107387781143188477e-01
-1.375654246658086777e-04,2.773985266685485840e-01,-2.270965129137039185e-01
1.011550426483154297e-02,2.498324364423751831e-01,-2.509655952453613281e-01
1.198986917734146118e-02,2.481446564197540283e-01,-2.297923415899276733e-01
2.921649999916553497e-02,3.095799088478088379e-01,-1.984040141105651855e-01
4.673022404313087463e-02,2.801692187786102295e-01,-2.065320014953613281e-01
-1.160111650824546814e-02,2.885526418685913086e-01,-2.145653963088989258e-01
5.161517485976219177e-02,3.139678239822387695e-01,-2.470067888498306274e-01
-1.851209439337253571e-02,2.614779472351074219e-01,-2.330263108015060425e-01
3.430372476577758789e-02,3.071611225605010986e-01,-2.148597240447998047e-01
-1.219622232019901276e-02,2.466337084770202637e-01,-2.214737236499786377e-01
-5.816566944122314453e-02,2.218595445156097412e-01,-1.788700968027114868e-01
3.678910806775093079e-02,3.202095925807952881e-01,-1.756065338850021362e-01
-3.385165473446249962e-03,2.399320602416992188e-01,-2.224543988704681396e-01
4.392644390463829041e-02,2.801229059696197510e-01,-2.248413860797882080e-01
-8.370313793420791626e-03,2.663676142692565918e-01,-2.176450788974761963e-01
-2.398144220933318138e-03,2.659639120101928711e-01,-2.093975991010665894e-01
2.321418933570384979e-02,2.849894762039184570e-01,-2.180338799953460693e-01
-3.113636188209056854e-02,2.826107442378997803e-01,-2.610240280628204346e-01
4.280234500765800476e-02,2.730809748172760010e-01,-2.617676258087158203e-01
-1.566266268491744995e-02,2.792939543724060059e-01,-2.367299050092697144e-01
-8.795270323753356934e-02,2.302814275026321411e-01,-2.350012511014938354e-01
1.487708278000354767e-02,2.784177958965301514e-01,-1.394039243459701538e-01
-6.779833883047103882e-02,2.415783256292343140e-01,-2.094930708408355713e-01
-2.935037389397621155e-02,2.616438567638397217e-01,-2.188710719347000122e-01
6.285522878170013428e-02,3.021600246429443359e-01,-2.250317633152008057e-01
8.632861077785491943e-03,3.068655431270599365e-01,-2.601290345191955566e-01
3.475874289870262146e-02,2.537040710449218750e-01,-1.875496208667755127e-01
-2.813773229718208313e-02,2.829084098339080811e-01,-2.428167313337326050e-01
5.923514440655708313e-02,2.943407893180847168e-01,-2.579981982707977295e-01
2.612906880676746368e-02,2.433234453201293945e-01,-2.275482714176177979e-01
1.427987311035394669e-02,2.760740220546722412e-01,-1.929909288883209229e-01
4.195286333560943604e-02,2.645244002342224121e-01,-2.654324769973754883e-01
2.780087664723396301e-02,2.620764374732971191e-01,-1.901452839374542236e-01
-3.225957974791526794e-02,2.482554167509078979e-01,-1.566570997238159180e-01
8.871523663401603699e-03,2.712362110614776611e-01,-1.996785551309585571e-01
1.811880618333816528e-02,2.585220336914062500e-01,-2.440216541290283203e-01
-1.590363308787345886e-02,2.826211750507354736e-01,-2.017315179109573364e-01
6.088742986321449280e-02,2.829601466655731201e-01,-2.126356661319732666e-01
4.204247519373893738e-02,3.073276877403259277e-01,-1.978179216384887695e-01
-3.253727778792381287e-02,2.579203844070434570e-01,-2.558467388153076172e-01
2.187098376452922821e-02,2.781190574169158936e-01,-2.130105793476104736e-01
2.674213051795959473e-02,2.495384365320205688e-01,-1.887707412242889404e-01
-1.864865794777870178e-02,2.758686542510986328e-01,-2.158828824758529663e-01
6.441832333803176880e-02,2.993037104606628418e-01,-1.777044087648391724e-01
-2.404332347214221954e-02,2.625048756599426270e-01,-2.332923859357833862e-01
-1.398647204041481018e-02,2.796883583068847656e-01,-2.086731344461441040e-01
1.952810771763324738e-02,3.077633082866668701e-01,-2.209212034940719604e-01
-2.063620602712035179e-03,2.758950889110565186e-01,-2.292491197586059570e-01
1.627704361453652382e-03,2.551612854003906250e-01,-1.931249201297760010e-01
-1.988391019403934479e-02,2.844651937484741211e-01,-2.535869181156158447e-01
3.956666961312294006e-02,2.804054021835327148e-01,-2.204770296812057495e-01
3.088618628680706024e-02,2.791041433811187744e-01,-1.724139451980590820e-01
2.919378317892551422e-02,2.771248817443847656e-01,-1.750544011592864990e-01
-1.550874486565589905e-02,2.832715213298797607e-01,-1.874735802412033081e-01
5.311700329184532166e-02,3.122186660766601562e-01,-2.555589079856872559e-01
-4.181833192706108093e-02,2.900670170783996582e-01,-2.141141295433044434e-01
-1.426648534834384918e-02,3.177240192890167236e-01,-2.606377005577087402e-01
2.104050479829311371e-02,2.473884969949722290e-01,-1.886606216430664062e-01
2.585639618337154388e-02,2.637836933135986328e-01,-2.163994312286376953e-01
6.489565223455429077e-02,2.863131761550903320e-01,-2.114494144916534424e-01
3.289496898651123047e-02,2.955356836318969727e-01,-2.121468931436538696e-01
3.019967116415500641e-02,3.060395717620849609e-01,-2.251524925231933594e-01
-3.054690174758434296e-02,2.762511670589447021e-01,-2.451406419277191162e-01
2.521985583007335663e-02,2.617527842521667480e-01,-2.433920800685882568e-01
-1.928865676745772362e-03,2.655716538429260254e-01,-2.158838510513305664e-01
4.168851673603057861e-02,3.072844743728637695e-01,-1.931874155998229980e-01
-2.712353132665157318e-02,2.352840155363082886e-01,-2.351008653640747070e-01
-1.771173439919948578e-02,2.566442191600799561e-01,-2.138596773147583008e-01
9.582096710801124573e-03,3.021140992641448975e-01,-2.053536772727966309e-01
-2.864713547751307487e-03,3.049568235874176025e-01,-1.900064796209335327e-01
5.185936763882637024e-02,2.967692613601684570e-01,-1.871869713068008423e-01
2.137807011604309082e-02,3.123305737972259521e-01,-2.224354594945907593e-01
-2.576232142746448517e-02,2.372271716594696045e-01,-2.258551865816116333e-01
1.637270674109458923e-02,2.352690845727920532e-01,-2.504322230815887451e-01
-9.874656051397323608e-02,2.212244272232055664e-01,-2.218983769416809082e-01
7.856402546167373657e-03,2.655739188194274902e-01,-1.615506410598754883e-01
1.440678723156452179e-02,2.541182041168212891e-01,-1.719138175249099731e-01
8.340114727616310120e-03,2.620747387409210205e-01,-1.957241296768188477e-01
-3.413486992940306664e-03,2.796502113342285156e-01,-2.563061714172363281e-01
-7.025729864835739136e-03,2.576333284378051758e-01,-1.766498386859893799e-01
1.954245753586292267e-02,2.473966628313064575e-01,-2.477772384881973267e-01
-2.497293613851070404e-02,2.594132721424102783e-01,-2.414641082286834717e-01
-3.648541867733001709e-02,3.189056217670440674e-01,-2.842115163803100586e-01
-2.371473610401153564e-02,2.783764898777008057e-01,-2.113588750362396240e-01
-4.952361341565847397e-04,2.516204118728637695e-01,-2.223476618528366089e-01
2.941906638443470001e-02,2.532690167427062988e-01,-2.374353557825088501e-01
1.734287850558757782e-02,3.080976307392120361e-01,-1.970916837453842163e-01
6.399119645357131958e-02,2.951192855834960938e-01,-2.442713677883148193e-01
1.202138885855674744e-02,2.857758998870849609e-01,-2.394078373908996582e-01
2.881098911166191101e-02,2.595297098159790039e-01,-2.172845900058746338e-01
1.690860651433467865e-02,2.292052209377288818e-01,-2.535251975059509277e-01
7.215902209281921387e-02,2.674459815025329590e-01,-2.354337424039840698e-01
-2.782841399312019348e-02,2.621763944625854492e-01,-2.308668047189712524e-01
6.561556458473205566e-02,2.599416971206665039e-01,-2.519154250621795654e-01
4.354028031229972839e-03,2.707619369029998779e-01,-2.219456732273101807e-01
4.550097137689590454e-02,2.370112687349319458e-01,-2.712033390998840332e-01
2.562215924263000488e-02,2.422898262739181519e-01,-2.232327163219451904e-01
6.450185924768447876e-02,3.093592226505279541e-01,-1.866117268800735474e-01
5.022015795111656189e-02,2.661513984203338623e-01,-2.147445082664489746e-01
-4.067363217473030090e-02,2.267848104238510132e-01,-2.170356214046478271e-01
2.081245370209217072e-02,2.289185971021652222e-01,-2.274425774812698364e-01
1.739448681473731995e-02,2.589116096496582031e-01,-2.123418450355529785e-01
4.562331736087799072e-02,3.105377852916717529e-01,-2.028098404407501221e-01
3.828327730298042297e-02,3.405938148498535156e-01,-1.354108005762100220e-01
-9.543338418006896973e-02,2.542897760868072510e-01,-2.349052578210830688e-01
1.741434633731842041e-02,2.604648470878601074e-01,-2.083951085805892944e-01
4.317377135157585144e-02,2.890231609344482422e-01,-2.092092037200927734e-01
2.021491713821887970e-02,3.071072399616241455e-01,-1.990029662847518921e-01
2.778030186891555786e-02,2.492479234933853149e-01,-2.055499553680419922e-01
-7.620950043201446533e-02,2.172225415706634521e-01,-2.449709177017211914e-01
-2.081392100080847740e-03,2.945764064788818359e-01,-2.342134267091751099e-01
3.104211017489433289e-02,2.490211576223373413e-01,-2.443152219057083130e-01
2.042325446382164955e-03,2.799411714076995850e-01,-1.680153310298919678e-01
1.823973096907138824e-02,2.812417745590209961e-01,-1.855804026126861572e-01
3.429148718714714050e-02,2.673734426498413086e-01,-1.877354085445404053e-01
-2.757396362721920013e-02,2.402836084365844727e-01,-1.966433674097061157e-01
-2.389294840395450592e-02,2.691863179206848145e-01,-2.401038110256195068e-01
-3.993837162852287292e-03,2.383554875850677490e-01,-2.444164901971817017e-01
1.688963547348976135e-02,2.591031193733215332e-01,-2.231458872556686401e-01
2.140912227332592010e-02,2.618004977703094482e-01,-2.385462224483489990e-01
5.465035140514373779e-02,2.929844856262207031e-01,-2.234803289175033569e-01
-2.270689420402050018e-02,2.424172013998031616e-01,-1.959442496299743652e-01
-3.768514096736907959e-02,3.389000296592712402e-01,-1.783067435026168823e-01
3.693330660462379456e-02,2.796803712844848633e-01,-2.399266064167022705e-01
-1.292848400771617889e-02,2.576640844345092773e-01,-2.379581928253173828e-01
-6.059665232896804810e-03,2.581164240837097168e-01,-1.836181432008743286e-01
-2.224568743258714676e-04,2.690103650093078613e-01,-1.511662006378173828e-01
-3.678549453616142273e-02,2.550762891769409180e-01,-2.173977792263031006e-01
9.054034203290939331e-02,3.015469610691070557e-01,-2.480463981628417969e-01
3.214726597070693970e-02,2.930260002613067627e-01,-1.761758476495742798e-01
5.197642371058464050e-03,2.593718767166137695e-01,-2.130659669637680054e-01
4.715735092759132385e-02,2.879736423492431641e-01,-2.475831061601638794e-01
1.104334183037281036e-02,2.549180686473846436e-01,-2.239780277013778687e-01
3.230157867074012756e-02,2.902781963348388672e-01,-2.116289734840393066e-01
-1.048491522669792175e-02,2.841545939445495605e-01,-2.370615601539611816e-01
3.262831643223762512e-02,2.430574744939804077e-01,-2.226039767265319824e-01
1.419665850698947906e-02,2.476242482662200928e-01,-2.413998991250991821e-01
3.671400621533393860e-02,2.640723884105682373e-01,-2.090451568365097046e-01
5.120636522769927979e-02,2.812044024467468262e-01,-2.145642638206481934e-01
5.741943046450614929e-02,2.959671616554260254e-01,-2.150905579328536987e-01
1.392614096403121948e-02,2.719660997390747070e-01,-2.205661982297897339e-01
9.962398558855056763e-03,2.652849555015563965e-01,-2.208091318607330322e-01
-2.612169459462165833e-02,2.476962953805923462e-01,-2.166110724210739136e-01
4.941741004586219788e-03,2.892140448093414307e-01,-2.174264043569564819e-01
8.980211615562438965e-02,3.095647394657135010e-01,-1.702078431844711304e-01
3.545837104320526123e-02,3.014787435531616211e-01,-2.044773846864700317e-01
2.252794988453388214e-02,2.393097877502441406e-01,-2.644541263580322266e-01
5.213246494531631470e-02,2.442230284214019775e-01,-2.594872713088989258e-01
6.543672829866409302e-02,2.540106773376464844e-01,-2.099212259054183960e-01
6.603711843490600586e-02,2.860803306102752686e-01,-2.261938750743865967e-01
1.742978021502494812e-02,2.504624128341674805e-01,-2.361294925212860107e-01
8.016643673181533813e-02,3.478684425354003906e-01,-2.135665863752365112e-01
2.349194325506687164e-02,2.501258254051208496e-01,-1.789572834968566895e-01
5.087484046816825867e-02,2.935260832309722900e-01,-1.778581589460372925e-01
-2.847196161746978760e-02,2.942096292972564697e-01,-1.998459249734878540e-01
-2.741732075810432434e-02,2.785701751708984375e-01,-1.909403502941131592e-01
4.800990223884582520e-02,2.893106341361999512e-01,-2.143624424934387207e-01
7.127046585083007812e-02,2.547172307968139648e-01,-2.284042388200759888e-01
3.159466385841369629e-02,2.547621130943298340e-01,-2.347819060087203979e-01
5.830415338277816772e-02,3.015070557594299316e-01,-2.332813292741775513e-01
2.609625644981861115e-02,2.826755046844482422e-01,-1.923933923244476318e-01
2.026440016925334930e-02,2.998903393745422363e-01,-1.926058977842330933e-01
-9.179344028234481812e-02,2.256443649530410767e-01,-2.248919308185577393e-01
6.037425622344017029e-02,2.861267924308776855e-01,-2.290133684873580933e-01
4.595469310879707336e-02,2.931165993213653564e-01,-2.236542552709579468e-01
-2.230049809440970421e-03,2.977284789085388184e-01,-2.156451940536499023e-01
-8.131132926791906357e-04,2.910605669021606445e-01,-2.203654050827026367e-01
6.106517836451530457e-02,3.141871094703674316e-01,-2.205918580293655396e-01
4.287239164113998413e-03,2.577957510948181152e-01,-2.409007102251052856e-01
2.151404321193695068e-02,2.294349819421768188e-01,-2.122326046228408813e-01
3.903887048363685608e-02,2.909051775932312012e-01,-2.340599745512008667e-01
7.734643295407295227e-03,2.731106877326965332e-01,-2.427740395069122314e-01
2.632642397657036781e-03,3.060349225997924805e-01,-2.424469739198684692e-01
8.917931467294692993e-02,2.980719208717346191e-01,-2.023792564868927002e-01
-1.709965616464614868e-02,2.951889634132385254e-01,-2.338837832212448120e-01
3.590898355469107628e-03,2.814258933067321777e-01,-1.872352063655853271e-01
9.978974703699350357e-04,2.934601306915283203e-01,-2.240152806043624878e-01
-3.364061191678047180e-02,2.597161531448364258e-01,-1.864702403545379639e-01
4.809173941612243652e-02,2.975055873394012451e-01,-2.593599855899810791e-01
1.207629451528191566e-03,2.284589409828186035e-01,-2.521716952323913574e-01
-5.907499790191650391e-02,2.138094604015350342e-01,-2.066928595304489136e-01
-3.726979345083236694e-02,2.304527461528778076e-01,-1.928139328956604004e-01
3.763569518923759460e-02,2.855954766273498535e-01,-1.770783960819244385e-01
3.411168465390801430e-03,2.084210664033889771e-01,-2.126953005790710449e-01
7.988873869180679321e-03,2.861041426658630371e-01,-2.255704998970031738e-01
-1.897536218166351318e-02,2.186586856842041016e-01,-2.053650319576263428e-01
-2.325620688498020172e-02,2.507472634315490723e-01,-2.061765789985656738e-01
-2.437257021665573120e-02,2.790130674839019775e-01,-1.676413416862487793e-01
-2.448195777833461761e-02,2.728417515754699707e-01,-2.064328938722610474e-01
1.536678709089756012e-02,2.579225003719329834e-01,-2.313959002494812012e-01
3.280628845095634460e-02,2.987065613269805908e-01,-2.077644020318984985e-01
2.150118583813309669e-03,2.237083315849304199e-01,-2.571143805980682373e-01
2.671104110777378082e-02,2.769609987735748291e-01,-1.964054554700851440e-01
-2.220415510237216949e-02,2.183315753936767578e-01,-2.237182855606079102e-01
-2.758938819169998169e-02,2.911490499973297119e-01,-2.191580384969711304e-01
1.584642007946968079e-02,2.964516878128051758e-01,-2.358290106058120728e-01
5.554921925067901611e-02,2.829915583133697510e-01,-2.436925172805786133e-01
5.356726422905921936e-02,3.021108210086822510e-01,-2.623710334300994873e-01
2.868990600109100342e-02,3.020429015159606934e-01,-1.889544278383255005e-01
6.227212026715278625e-02,3.092793524265289307e-01,-1.848859637975692749e-01
2.095186151564121246e-02,3.088717758655548096e-01,-2.177568972110748291e-01
2.649910934269428253e-02,2.483705729246139526e-01,-1.904380321502685547e-01
3.274230659008026123e-02,3.151618540287017822e-01,-2.617455720901489258e-01
5.007103085517883301e-02,3.303450644016265869e-01,-1.479381322860717773e-01
2.743749506771564484e-02,2.393334656953811646e-01,-2.762801647186279297e-01
9.572403505444526672e-03,2.596021592617034912e-01,-2.492709010839462280e-01
6.361967325210571289e-02,2.837404012680053711e-01,-2.408490180969238281e-01
3.427962586283683777e-02,3.053730130195617676e-01,-1.904320567846298218e-01
4.489107802510261536e-02,2.921220362186431885e-01,-2.185928523540496826e-01
4.477809369564056396e-02,2.938051819801330566e-01,-2.143240272998809814e-01
3.844789415597915649e-02,2.717641592025756836e-01,-2.341176271438598633e-01
4.054070450365543365e-05,2.906396687030792236e-01,-1.782146543264389038e-01
-4.684700630605220795e-03,2.987376451492309570e-01,-2.046388387680053711e-01
1.834839209914207458e-02,2.940160036087036133e-01,-2.807721197605133057e-01
2.505690790712833405e-02,2.815450429916381836e-01,-1.809126436710357666e-01
-3.914189711213111877e-02,2.719004154205322266e-01,-1.784521639347076416e-01
1.984438113868236542e-02,2.582302391529083252e-01,-2.144240885972976685e-01
4.591011628508567810e-02,2.776008248329162598e-01,-1.902310103178024292e-01
2.434142865240573883e-02,2.542111277580261230e-01,-2.062197625637054443e-01
7.446957752108573914e-03,2.965919077396392822e-01,-2.233553826808929443e-01
-4.134338349103927612e-03,2.820447087287902832e-01,-2.180004566907882690e-01
9.280160069465637207e-02,4.046981036663055420e-01,-2.109285742044448853e-01
8.594777435064315796e-03,2.443552762269973755e-01,-2.098831236362457275e-01
4.404076561331748962e-02,2.944534420967102051e-01,-2.744055688381195068e-01
2.325940504670143127e-02,3.429529368877410889e-01,-1.503492444753646851e-01
5.126203596591949463e-02,2.791024744510650635e-01,-2.638250291347503662e-01
-4.153213277459144592e-02,2.532103955745697021e-01,-2.862236797809600830e-01
7.794691249728202820e-03,2.374921739101409912e-01,-2.296582013368606567e-01
-1.185926422476768494e-02,2.617304921150207520e-01,-2.292768210172653198e-01
5.660663917660713196e-02,2.791171669960021973e-01,-1.897069811820983887e-01
9.354799985885620117e-03,2.563925683498382568e-01,-2.589286565780639648e-01
5.775957927107810974e-02,2.569476366043090820e-01,-2.290109544992446899e-01
3.898468101397156715e-03,2.825376987457275391e-01,-2.861373424530029297e-01
2.295783907175064087e-02,3.048936724662780762e-01,-2.121366560459136963e-01
3.326608985662460327e-02,2.711102068424224854e-01,-2.286229580640792847e-01
-1.449713250622153282e-03,2.547569572925567627e-01,-2.101328969001770020e-01
5.949584022164344788e-02,2.737393081188201904e-01,-2.207426428794860840e-01
-1.815599761903285980e-02,2.697653174400329590e-01,-1.286133974790573120e-01
3.033362142741680145e-02,2.617227435111999512e-01,-1.891835033893585205e-01
3.512121364474296570e-02,2.274003773927688599e-01,-2.335532009601593018e-01
-7.524846121668815613e-03,2.411087751388549805e-01,-1.859725266695022583e-01
5.202990770339965820e-02,3.344505727291107178e-01,-1.583359241485595703e-01
2.601529285311698914e-02,2.949219048023223877e-01,-2.376388162374496460e-01
5.285793915390968323e-02,2.850818634033203125e-01,-2.419597357511520386e-01
1.667762361466884613e-02,3.011353611946105957e-01,-1.807733327150344849e-01
2.189761586487293243e-02,3.042650818824768066e-01,-1.922494471073150635e-01
-3.931465372443199158e-02,2.571967840194702148e-01,-1.997174620628356934e-01
5.724988505244255066e-02,2.852779030799865723e-01,-1.501734554767608643e-01
1.138880662620067596e-02,2.588827013969421387e-01,-2.298982441425323486e-01
1.422388851642608643e-02,2.803466022014617920e-01,-2.165184766054153442e-01
4.810364171862602234e-02,2.804277241230010986e-01,-2.097822576761245728e-01
7.960878312587738037e-02,2.768184542655944824e-01,-2.210341840982437134e-01
3.448926657438278198e-02,2.735814750194549561e-01,-2.169651091098785400e-01
-2.204231917858123779e-02,2.712843418121337891e-01,-1.973426938056945801e-01
3.562108846381306648e-03,3.030099272727966309e-01,-2.104071378707885742e-01
3.699511522427201271e-03,2.303657829761505127e-01,-2.858864068984985352e-01
-1.324839657172560692e-03,2.974295020103454590e-01,-2.331018745899200439e-01
5.493513122200965881e-02,2.827216982841491699e-01,-2.155221998691558838e-01
7.264225929975509644e-02,2.997618913650512695e-01,-2.455644905567169189e-01
-2.696816064417362213e-02,3.003470003604888916e-01,-2.204695940017700195e-01
1.798966526985168457e-02,2.225668430328369141e-01,-2.219768464565277100e-01
1.215247996151447296e-02,2.345559597015380859e-01,-2.891089320182800293e-01
-2.738295309245586395e-02,2.564720809459686279e-01,-1.863754689693450928e-01
-4.413231834769248962e-02,2.486360222101211548e-01,-2.344939857721328735e-01
7.345477491617202759e-02,3.112964034080505371e-01,-2.099186182022094727e-01
1.843688078224658966e-02,2.726712524890899658e-01,-1.916679441928863525e-01
3.575764223933219910e-02,2.903676927089691162e-01,-1.832834482192993164e-01
2.907411381602287292e-02,2.341325432062149048e-01,-2.332374602556228638e-01
-1.155816204845905304e-02,2.482874840497970581e-01,-2.202811688184738159e-01
-1.108453050255775452e-02,2.816752791404724121e-01,-2.456554621458053589e-01
4.476830363273620605e-03,2.745955288410186768e-01,-2.076318114995956421e-01
7.119795773178339005e-04,2.695164978504180908e-01,-2.087892442941665649e-01
2.198678627610206604e-02,2.827191948890686035e-01,-2.223782092332839966e-01
-9.906638413667678833e-03,3.192353844642639160e-01,-1.577951759099960327e-01
8.231246843934059143e-03,2.545261085033416748e-01,-1.892999708652496338e-01
1.665811240673065186e-02,2.231897413730621338e-01,-2.614080309867858887e-01
1.106673106551170349e-02,2.377045750617980957e-01,-2.425395399332046509e-01
-3.651916608214378357e-02,2.616016864776611328e-01,-1.971870362758636475e-01
-1.390106976032257080e-02,2.503333985805511475e-01,-2.165944427251815796e-01
-3.128154203295707703e-02,2.307776212692260742e-01,-2.128632068634033203e-01
2.553862519562244415e-02,2.442261874675750732e-01,-2.503110766410827637e-01
-4.975199699401855469e-02,2.488467693328857422e-01,-2.182098031044006348e-01
7.688529789447784424e-03,2.494169771671295166e-01,-2.500458359718322754e-01
2.988906018435955048e-02,2.824356853961944580e-01,-2.547770738601684570e-01
1.755938678979873657e-02,2.257477194070816040e-01,-2.445856928825378418e-01
2.332911826670169830e-02,2.490430921316146851e-01,-2.348733544349670410e-01
4.909928515553474426e-02,2.858338057994842529e-01,-2.217478305101394653e-01
8.224505186080932617e-02,2.767526507377624512e-01,-1.993494778871536255e-01
4.350777715444564819e-03,2.887640893459320068e-01,-2.326665967702865601e-01
6.201468035578727722e-02,3.457585275173187256e-01,-2.150958627462387085e-01
2.550698444247245789e-02,3.071928322315216064e-01,-2.362558990716934204e-01
6.386176496744155884e-02,3.058031201362609863e-01,-1.978712230920791626e-01
4.012962058186531067e-02,3.082079887390136719e-01,-2.289410680532455444e-01
1.857446134090423584e-02,2.328775674104690552e-01,-2.119746804237365723e-01
1.899602822959423065e-02,2.692297399044036865e-01,-2.244426310062408447e-01
5.074711516499519348e-02,2.847783565521240234e-01,-1.968524605035781860e-01
1.458225585520267487e-02,2.238901108503341675e-01,-2.250332236289978027e-01
1.107785664498806000e-02,2.851592302322387695e-01,-2.135643512010574341e-01
-1.250744909048080444e-01,2.233873009681701660e-01,-1.607999205589294434e-01
5.080232024192810059e-02,2.775074541568756104e-01,-2.085464447736740112e-01
-1.408978551626205444e-02,2.522763907909393311e-01,-1.501560211181640625e-01
5.306382849812507629e-02,3.005173206329345703e-01,-2.503277957439422607e-01
-2.796298265457153320e-02,2.606700658798217773e-01,-2.521960735321044922e-01
-6.959751993417739868e-02,2.834143936634063721e-01,-1.512582302093505859e-01
9.844645857810974121e-03,2.794375121593475342e-01,-2.028173208236694336e-01
-2.314685285091400146e-02,2.515012025833129883e-01,-2.079030722379684448e-01
3.335745260119438171e-02,2.739197611808776855e-01,-2.409635782241821289e-01
1.191826723515987396e-02,2.754423022270202637e-01,-1.730853468179702759e-01
1.693037524819374084e-02,2.545065879821777344e-01,-2.232208847999572754e-01
3.327347710728645325e-02,2.940828204154968262e-01,-1.828578412532806396e-01
5.952842533588409424e-03,2.614687681198120117e-01,-1.827032715082168579e-01
-9.903687983751296997e-03,2.405260354280471802e-01,-1.796645969152450562e-01
1.300203241407871246e-02,2.970916032791137695e-01,-2.203458845615386963e-01
7.422786206007003784e-03,2.713197469711303711e-01,-2.040864825248718262e-01
2.656355127692222595e-02,2.870979309082031250e-01,-2.586268484592437744e-01
5.486368760466575623e-02,3.695535063743591309e-01,-2.073914259672164917e-01
7.904947549104690552e-02,3.011689186096191406e-01,-2.161639928817749023e-01
1.023373007774353027e-02,2.573589086532592773e-01,-2.096749246120452881e-01
4.725716263055801392e-02,3.427634239196777344e-01,-1.394550353288650513e-01
2.377071417868137360e-02,2.879852056503295898e-01,-1.907866746187210083e-01
-2.478448487818241119e-02,2.156538218259811401e-01,-2.295587956905364990e-01
3.496392443776130676e-02,2.421230375766754150e-01,-2.355584204196929932e-01
4.421509057283401489e-02,2.858826518058776855e-01,-1.842939257621765137e-01
-3.261731471866369247e-04,2.675537765026092529e-01,-2.081562429666519165e-01
-3.257300704717636108e-07,2.623077332973480225e-01,-2.381140887737274170e-01
-1.044298894703388214e-02,3.064152896404266357e-01,-2.007504701614379883e-01
5.828314647078514099e-02,2.837052941322326660e-01,-2.061689645051956177e-01
3.535388782620429993e-02,2.508137226104736328e-01,-2.394805550575256348e-01
6.075329147279262543e-03,2.596849203109741211e-01,-1.931449919939041138e-01
3.958822414278984070e-02,2.652693688869476318e-01,-2.329007089138031006e-01
-7.562246173620223999e-02,1.961537450551986694e-01,-2.435485571622848511e-01
5.499408766627311707e-02,3.075553774833679199e-01,-2.116419523954391479e-01
1.913972944021224976e-02,2.189901918172836304e-01,-1.837807893753051758e-01
5.415192618966102600e-02,2.633579671382904053e-01,-1.936800479888916016e-01
1.685679890215396881e-02,2.914868295192718506e-01,-1.969852596521377563e-01
1.643299311399459839e-02,3.196271657943725586e-01,-2.327102869749069214e-01
3.475753962993621826e-02,2.633644938468933105e-01,-1.718067675828933716e-01
3.471129387617111206e-02,2.839981317520141602e-01,-1.992094814777374268e-01
-1.065613888204097748e-02,2.783413529396057129e-01,-2.184894084930419922e-01
9.061878547072410583e-03,2.739800512790679932e-01,-2.381960004568099976e-01
1.412470079958438873e-02,2.610000967979431152e-01,-2.886686325073242188e-01
6.274941563606262207e-02,2.938628792762756348e-01,-2.747958898544311523e-01
-1.366579905152320862e-02,2.857511937618255615e-01,-2.416046708822250366e-01
8.748747408390045166e-02,3.201384842395782471e-01,-2.735701203346252441e-01
1.367913745343685150e-02,2.892912328243255615e-01,-2.290572524070739746e-01
3.337698802351951599e-02,2.535717487335205078e-01,-2.163690477609634399e-01
3.008168004453182220e-02,2.808878421783447266e-01,-1.589477807283401489e-01
4.936954006552696228e-03,2.320561558008193970e-01,-2.108076661825180054e-01
8.769677951931953430e-03,2.608941197395324707e-01,-2.136386185884475708e-01
6.035218760371208191e-02,2.856614887714385986e-01,-2.375484704971313477e-01
3.607373312115669250e-02,2.926341891288757324e-01,-1.669021546840667725e-01
6.480195373296737671e-02,3.066852986812591553e-01,-2.063850760459899902e-01
-7.977997884154319763e-03,2.605377733707427979e-01,-1.824771612882614136e-01
-9.474970400333404541e-03,2.314446717500686646e-01,-2.313930094242095947e-01
1.057962141931056976e-02,2.405116409063339233e-01,-2.694131433963775635e-01
6.435566395521163940e-02,2.633538246154785156e-01,-2.159778028726577759e-01
4.189120605587959290e-02,2.649623751640319824e-01,-2.257506251335144043e-01
4.587217792868614197e-02,2.719724476337432861e-01,-2.336342930793762207e-01
-2.982113324105739594e-02,2.696123719215393066e-01,-2.417889982461929321e-01
5.555471405386924744e-02,3.181098401546478271e-01,-1.883275359869003296e-01
3.527182713150978088e-02,2.417844831943511963e-01,-2.483485043048858643e-01
-4.643456265330314636e-02,2.665493488311767578e-01,-2.344953268766403198e-01
2.231891639530658722e-02,2.829219698905944824e-01,-1.970964074134826660e-01
2.165531553328037262e-02,2.815470695495605469e-01,-1.777971833944320679e-01
1.056756004691123962e-01,3.160943984985351562e-01,-1.564345508813858032e-01
4.001383110880851746e-02,2.952291071414947510e-01,-2.258712649345397949e-01
6.795169413089752197e-02,3.258229494094848633e-01,-1.883636713027954102e-01
6.801483035087585449e-02,3.056722283363342285e-01,-2.224158495664596558e-01
4.969377443194389343e-02,2.717326879501342773e-01,-2.229090631008148193e-01
9.980104863643646240e-03,2.204820513725280762e-01,-2.614832818508148193e-01
1.343214698135852814e-02,2.643043696880340576e-01,-2.178028970956802368e-01
-4.274115711450576782e-02,2.397992312908172607e-01,-2.100751847028732300e-01
-5.665889009833335876e-03,2.547991871833801270e-01,-2.571390271186828613e-01
8.034905046224594116e-02,2.920283377170562744e-01,-2.421570420265197754e-01
6.710050627589225769e-03,3.188800811767578125e-01,-1.741511225700378418e-01
2.137001836672425270e-03,2.732414901256561279e-01,-2.039423286914825439e-01
-2.649012394249439240e-02,2.537216842174530029e-01,-1.956587284803390503e-01
-1.881357468664646149e-02,2.857313156127929688e-01,-2.316347211599349976e-01
3.954069688916206360e-02,2.829138338565826416e-01,-1.904593706130981445e-01
1.373717747628688812e-02,2.370292395353317261e-01,-2.539398074150085449e-01
1.977127976715564728e-02,2.592211067676544189e-01,-1.689443141222000122e-01
6.336814165115356445e-02,3.009406924247741699e-01,-2.773111164569854736e-01
2.850054204463958740e-02,2.986260056495666504e-01,-2.592008411884307861e-01
1.227563619613647461e-02,2.575171589851379395e-01,-2.390924990177154541e-01
5.699925497174263000e-02,2.882477641105651855e-01,-2.062400877475738525e-01
1.305576227605342865e-02,2.808564007282257080e-01,-2.288795262575149536e-01
7.231032103300094604e-02,2.825945019721984863e-01,-1.787612289190292358e-01
5.608729645609855652e-02,3.978310525417327881e-01,-1.581682264804840088e-01
-1.923878490924835205e-02,3.014121651649475098e-01,-2.388936132192611694e-01
-4.611862823367118835e-03,2.987840771675109863e-01,-2.199236154556274414e-01
3.116952814161777496e-02,3.409737646579742432e-01,-2.105119228363037109e-01
3.628397593274712563e-03,2.206464409828186035e-01,-2.382622808218002319e-01
4.306880384683609009e-02,2.842149436473846436e-01,-2.406511157751083374e-01
1.002645306289196014e-02,2.478954195976257324e-01,-1.901362538337707520e-01
2.620900049805641174e-02,3.323155045509338379e-01,-1.466608196496963501e-01
5.844657495617866516e-02,2.874858677387237549e-01,-2.619977593421936035e-01
8.456046134233474731e-02,2.968625426292419434e-01,-2.695948183536529541e-01
7.992677390575408936e-02,2.979011535644531250e-01,-2.247592359781265259e-01
7.040501385927200317e-02,3.218624591827392578e-01,-2.329852283000946045e-01
3.735082224011421204e-02,2.938343286514282227e-01,-1.843385845422744751e-01
6.363394856452941895e-02,2.946712672710418701e-01,-2.008104324340820312e-01
1.373945828527212143e-02,2.851840257644653320e-01,-2.118722200393676758e-01
1.032736152410507202e-02,3.285777568817138672e-01,-1.641286164522171021e-01
3.077766112983226776e-02,2.857762575149536133e-01,-2.308830767869949341e-01
-9.881056845188140869e-03,2.517771124839782715e-01,-2.520733773708343506e-01
-4.145128652453422546e-02,2.719964087009429932e-01,-2.385216504335403442e-01
6.682031601667404175e-02,3.040142357349395752e-01,-2.054721266031265259e-01
-3.604542836546897888e-02,2.782205045223236084e-01,-1.912763565778732300e-01
1.733200065791606903e-02,2.613423168659210205e-01,-1.882824599742889404e-01
-7.427180185914039612e-03,2.646282315254211426e-01,-2.097959816455841064e-01
2.442052401602268219e-02,2.583195567131042480e-01,-1.771729141473770142e-01
6.130435690283775330e-02,3.075767457485198975e-01,-2.010628134012222290e-01
-1.646976731717586517e-02,3.180767297744750977e-01,-1.612479835748672485e-01
-3.089104779064655304e-02,2.744943797588348389e-01,-1.920758485794067383e-01
-2.084390819072723389e-02,2.828622460365295410e-01,-2.600807547569274902e-01
-7.724197581410408020e-03,2.860112488269805908e-01,-1.888698786497116089e-01
-2.089003473520278931e-02,2.548803091049194336e-01,-1.672235429286956787e-01
-2.008616738021373749e-02,2.549081146717071533e-01,-1.803598552942276001e-01
2.224915288388729095e-02,2.755875587463378906e-01,-2.494391202926635742e-01
4.551642760634422302e-02,2.841127216815948486e-01,-2.434160262346267700e-01
6.519922986626625061e-03,2.588015496730804443e-01,-2.339189648628234863e-01
1.850604079663753510e-02,2.085929363965988159e-01,-2.345101684331893921e-01
3.700423240661621094e-02,2.796762287616729736e-01,-2.387998104095458984e-01
2.760283276438713074e-02,2.526974678039550781e-01,-2.116475999355316162e-01
2.606158517301082611e-02,3.070293366909027100e-01,-2.443685829639434814e-01
4.760717973113059998e-02,2.687095701694488525e-01,-2.428194284439086914e-01
9.626182168722152710e-02,3.250319659709930420e-01,-1.486434340476989746e-01
-1.154266111552715302e-02,2.539654672145843506e-01,-2.124146074056625366e-01
3.948654234409332275e-02,2.851457893848419189e-01,-2.733563780784606934e-01
-9.351106360554695129e-03,3.124489486217498779e-01,-1.710560917854309082e-01
3.199252113699913025e-02,2.208456695079803467e-01,-2.761861085891723633e-01
3.823123127222061157e-02,2.837176918983459473e-01,-2.039177864789962769e-01
-2.786285802721977234e-02,2.763171792030334473e-01,-2.148028314113616943e-01
4.920929297804832458e-02,2.797439694404602051e-01,-1.488822698593139648e-01
-1.478154398500919342e-02,2.250231802463531494e-01,-2.476761490106582642e-01
-1.214348152279853821e-01,2.078403383493423462e-01,-1.728316396474838257e-01
-5.823851004242897034e-02,2.218739092350006104e-01,-1.659046560525894165e-01
2.999109402298927307e-02,2.671716213226318359e-01,-2.398824840784072876e-01
2.310778014361858368e-02,2.796045839786529541e-01,-2.066672742366790771e-01
1.943048648536205292e-02,2.807087004184722900e-01,-2.135245501995086670e-01
5.290195718407630920e-02,2.765920162200927734e-01,-2.327123582363128662e-01
2.485055476427078247e-02,2.464829683303833008e-01,-2.214497774839401245e-01
-6.245525553822517395e-03,2.400495111942291260e-01,-2.080592364072799683e-01
-2.533505298197269440e-02,2.865951657295227051e-01,-2.326902300119400024e-01
5.512189120054244995e-03,2.688490450382232666e-01,-2.262752801179885864e-01
-4.226477071642875671e-02,2.822624742984771729e-01,-2.021085470914840698e-01
-8.336996659636497498e-03,2.250914126634597778e-01,-2.444573342800140381e-01
2.331593260169029236e-02,2.979802787303924561e-01,-2.177961617708206177e-01
-3.380344714969396591e-04,2.507820129394531250e-01,-2.394422888755798340e-01
1.672038622200489044e-02,2.597714960575103760e-01,-2.473830729722976685e-01
7.965875416994094849e-02,3.043006062507629395e-01,-1.757786273956298828e-01
2.928257919847965240e-02,2.926562428474426270e-01,-2.564747929573059082e-01
6.481770426034927368e-03,2.973191738128662109e-01,-1.968029588460922241e-01
2.482405491173267365e-02,2.988614141941070557e-01,-2.352193295955657959e-01
1.750585623085498810e-02,2.965102791786193848e-01,-2.366833537817001343e-01
1.624171622097492218e-02,2.886045277118682861e-01,-1.876464188098907471e-01
1.769244484603404999e-02,2.908073961734771729e-01,-2.039263248443603516e-01
-1.459749042987823486e-02,2.462797909975051880e-01,-2.122550755739212036e-01
-5.037907138466835022e-02,2.667078375816345215e-01,-2.300035208463668823e-01
2.624226175248622894e-02,2.337006479501724243e-01,-2.233031392097473145e-01
3.222550498321652412e-03,2.972414195537567139e-01,-1.826560348272323608e-01
8.720747381448745728e-02,2.876409292221069336e-01,-1.640219837427139282e-01
8.059500157833099365e-02,3.133506476879119873e-01,-2.304361015558242798e-01
9.245367720723152161e-03,2.240356951951980591e-01,-2.286332249641418457e-01
1.370495371520519257e-02,2.613464891910552979e-01,-2.229681313037872314e-01
8.349783718585968018e-02,2.959459722042083740e-01,-2.382703125476837158e-01
1.471858285367488861e-02,2.764718532562255859e-01,-1.969646662473678589e-01
-1.546425186097621918e-02,2.543978691101074219e-01,-2.743216156959533691e-01
1.894487068057060242e-02,3.006247580051422119e-01,-1.789028048515319824e-01
6.081917136907577515e-02,3.099457323551177979e-01,-2.373506277799606323e-01
4.598466679453849792e-03,2.623098492622375488e-01,-2.307560294866561890e-01
3.656153753399848938e-02,2.899355888366699219e-01,-2.364988029003143311e-01
-8.654607087373733521e-02,2.536095082759857178e-01,-1.482179462909698486e-01
2.373005822300910950e-02,2.584358155727386475e-01,-2.155503630638122559e-01
7.309843599796295166e-02,2.934576869010925293e-01,-2.138235867023468018e-01
2.469978295266628265e-02,3.152353763580322266e-01,-2.071645259857177734e-01
1.266246568411588669e-02,2.939981818199157715e-01,-2.183769941329956055e-01
-1.943764975294470787e-03,2.665514051914215088e-01,-2.243481725454330444e-01
4.805308207869529724e-02,3.109778165817260742e-01,-2.460349798202514648e-01
3.359157592058181763e-02,2.937315702438354492e-01,-2.146302163600921631e-01
-1.126596471294760704e-03,2.824966013431549072e-01,-2.161565870046615601e-01
2.795491181313991547e-02,2.577181756496429443e-01,-2.903624475002288818e-01
5.042842403054237366e-02,3.037762045860290527e-01,-1.671706736087799072e-01
-1.439287140965461731e-02,2.574849128723144531e-01,-1.473035812377929688e-01
2.311083674430847168e-02,2.695111930370330811e-01,-2.534413039684295654e-01
5.217659473419189453e-02,2.758651971817016602e-01,-2.181679904460906982e-01
8.782031014561653137e-03,2.597965300083160400e-01,-2.198592424392700195e-01
4.044924303889274597e-02,2.892956435680389404e-01,-2.253673672676086426e-01
-1.393887866288423538e-02,2.553270757198333740e-01,-1.752986907958984375e-01
-4.533549025654792786e-02,2.780461013317108154e-01,-1.734631657600402832e-01
-1.705653220415115356e-02,2.567604184150695801e-01,-2.249071300029754639e-01
1.072425581514835358e-02,2.546932697296142578e-01,-2.279967367649078369e-01
5.002174898982048035e-02,2.380603551864624023e-01,-2.195158004760742188e-01
1.811528578400611877e-02,2.731700539588928223e-01,-2.328351140022277832e-01
-5.531214922666549683e-02,2.129170596599578857e-01,-1.691405326128005981e-01
9.685952682048082352e-04,3.042966723442077637e-01,-2.233160883188247681e-01
-5.421699956059455872e-03,2.955988943576812744e-01,-1.904283463954925537e-01
3.110056556761264801e-02,2.982036173343658447e-01,-2.017612755298614502e-01
5.607756227254867554e-02,2.846682369709014893e-01,-2.539709806442260742e-01
-3.302273154258728027e-02,2.552898228168487549e-01,-2.020624428987503052e-01
4.012390226125717163e-02,2.608181238174438477e-01,-2.616707384586334229e-01
-4.219741001725196838e-02,2.808543145656585693e-01,-2.277816236019134521e-01
-1.507213525474071503e-02,2.417068183422088623e-01,-1.726262569427490234e-01
5.549729615449905396e-02,2.980937659740447998e-01,-1.754624396562576294e-01
3.565982729196548462e-02,3.097578883171081543e-01,-2.110999673604965210e-01
2.158047631382942200e-02,2.634534239768981934e-01,-2.312601953744888306e-01
-2.319274237379431725e-03,2.708649933338165283e-01,-2.329082041978836060e-01
-5.530973430722951889e-04,2.969973385334014893e-01,-2.357120215892791748e-01
3.340111300349235535e-02,2.511318922042846680e-01,-2.100393772125244141e-01
4.016757011413574219e-02,2.520175874233245850e-01,-2.528785467147827148e-01
4.470274969935417175e-02,2.596994936466217041e-01,-2.168411165475845337e-01
2.450325898826122284e-02,2.874973118305206299e-01,-2.173249870538711548e-01
1.432734355330467224e-02,2.589859664440155029e-01,-1.881886720657348633e-01
-1.023165136575698853e-02,2.861566841602325439e-01,-1.850493252277374268e-01
3.687491640448570251e-02,2.975257337093353271e-01,-2.566263973712921143e-01
